417369825
632158947
958724316
825437169
791586432
346912758
289643571
573291684
164875293
527316489
896542731
314987562
172453896
689271354
453698217
941825673
765134928
238769145
617459823
248736915
539128467
982564371
374291586
156873294
823647159
791385642
465912738
487312695
593684271
126597384
735849162
914265837
268731549
851476923
379128456
642953718
962314857
134587269
578296413
847962531
651873942
329145786
285639174
793451628
416728395
416837529
982465371
735129468
571298643
293746185
864351297
647913852
359682714
128574936
682154379
951763842
374892165
437528916
816937254
295416738
568271493
729345681
143689527
652481937
834679152
971325864
467812593
315794628
298563471
186937245
523146789
749258316
682153479
951764832
374892165
437528916
816947253
295316748
568271394
729435681
143689527
792351648
543786129
681429537
157648293
924137865
836295471
368572914
419863752
275914386
614382579
953764812
827591436
742635198
168279354
395418627
286157943
579843261
431926785
863521794
127496853
954387621
645839172
739142568
281765439
498653217
512974386
376218945
135426987
846957321
927381465
213748659
598163742
674295813
351674298
482539176
769812534
356871294
972643851
841952736
213465987
794318625
685297413
128736549
569184372
437529168
129576348
376428519
584391627
293815764
417263895
865749132
958632471
731984256
642157983
615382479
943765812
827491536
752634198
168279354
394518627
286157943
579843261
431926785
718435692
963278541
254961378
547612839
192387456
386549127
675893214
421756983
839124765
458276931
623891475
197534286
371452698
269783154
845169327
712948563
986315742
534627819
123759486
874261593
965384721
216543978
357896142
498127365
532478619
641932857
789615234
518476239
427359618
963821574
795248361
832617945
146935827
379564182
651782493
284193756
498716523
257839461
136425987
971382654
684157392
523694718
765241839
319578246
842963175
132479658
847563291
956281347
413725869
528196473
769348125
271854936
394617582
685932714
417369825
638125947
952748316
825437169
791856432
346912758
284693571
573281694
169574283
925371486
163498725
874562391
542689137
618753942
739124658
487915263
351246879
296837514
123456789
649837251
857291634
274518963
398672415
561943827
416725398
985364172
732189546
475691328
961832745
823754196
259143687
347586219
618927534
534269871
796318452
182475963
349526871
521897643
876413529
718369254
465281397
932745186
654178932
187932465
293654718
618342579
943765182
527891436
752634891
861279354
394518627
286157943
179483265
435926718
947582361
863471952
152639784
624813579
738295416
519764823
285946137
396157248
471328695
254379861
761248593
893516742
326791458
915824376
487653219
538167924
142985637
679432185
385621497
179584326
426739518
762395841
534812769
891476253
917253684
243168975
658947132
836521947
142379586
975648321
364892715
259167438
781435269
598214673
413756892
627983154
427593186
315862479
968174325
659328714
731649852
284751963
593287641
842916537
176435298
781942365
324576918
659831724
815723496
936154872
247698153
578369241
162487539
493215687
748392165
369514728
125876943
932147856
687235419
514689372
853461297
476923581
291758634
417369528
839125746
652748319
925837461
741956832
386412957
294683175
573291684
168574293
124597368
369428517
587361924
293815746
416273895
875946132
958632471
631784259
742159683
137926485
964587231
825341967
241895673
673412598
589673142
758164329
396258714
412739856
249865173
531974268
867132495
423786519
986251347
715349826
692518734
354627981
178493652
351846729
287319645
694725183
168534972
725198364
943267518
516483297
832971456
479652831
748591326
195623847
263487519
421936758
356874291
987152634
832749165
679215483
514368972
723469851
651238794
894715632
375691428
912874365
486523917
248356179
137982546
569147283
947628351
863751492
125349678
734895126
589162734
612473985
478236519
256917843
391584267
132467895
957381246
864529731
429673158
578912364
613854972
385296417
241735689
796148523
143587962
852496731
976321584
214675398
635819427
789243615
321764859
468952173
597138246
783465219
421973658
965281734
347128596
198546327
652397481
216854973
534719862
879632145
219675843
865439721
743281596
936512487
157348962
428967135
382754619
671893254
594126378
126739845
847625391
935481762
213864579
654973218
798512436
361248957
489157623
572396184
273681495
891754263
546392178
169537824
485269731
327148956
734916582
958423617
612875349
654312879
913876452
827495136
742638591
165729384
398541627
286157943
471983265
539264718
152738946
864291375
973645281
216357498
348912567
597486123
421863759
639574812
785129634
174589362
953261784
862347951
219673845
387415296
546928173
628194537
495732618
731856429
126478593
837592461
945361278
412937856
569184732
783256914
251649387
374815629
698723145
964815237
258637149
317924658
872159364
495263781
631478925
783596412
529341876
146782593
476529183
895173624
321864795
517398246
289645371
634712958
752431869
168957432
943286517
538127946
624839751
719645382
965314827
381762594
247598163
493281675
856473219
172956438
124597863
937648215
856231749
513786492
482913657
769425138
698374521
341852976
275169384
872459631
154683972
963721485
216834759
549217368
738596124
481362597
627945813
395178246
947326581
852491673
136587942
284735169
693812457
715649238
579168324
328954716
461273895
215876943
678394215
349125876
587432169
463981752
192657384
826743591
734519628
951268437
124397856
835641297
967825341
241538769
583769412
679412538
312974685
498256173
756183924
125976348
369428517
784351926
253817694
416293875
897645132
978532461
631784259
542169783
283741596
615239748
974865321
397126854
861453972
452978613
528394167
736512489
149687235
957638421
146729385
832541679
419352768
628417953
375986142
791265834
583174296
264893517
127365489
853491276
964278351
231756894
548932617
679184523
312547968
485619732
796823145
345671298
987253146
621984573
264795831
573816429
198432657
836529714
712348965
459167382
265389471
874251693
193647852
327894165
946125387
518763249
631578924
452916738
789432516
842359167
573186942
619274538
127865394
435791286
968423715
781942653
354617829
296538471
538219746
962874531
174356298
283497615
741568329
695123874
329645187
857931462
416782953
863751294
957432681
124689573
532976148
619843725
748125936
386217459
295364817
471598362
986324157
124759368
537861429
413285976
695173284
278946513
342617895
869532741
751498632
945671283
136482597
827593461
614837952
798125346
253964178
362759814
581246739
479318625
724369851
651248793
893715642
375691428
912874365
486523917
238456179
147982536
569137284
126437958
895621473
374985126
457193862
983246517
612578394
269314785
548769231
731852649
152946837
963587421
847231695
574863912
289415763
631729548
796152384
415398276
328674159
269314785
548769231
731852649
126437958
895621473
374985126
457193862
983246517
612578394
152678943
864391752
973245681
215763894
497582136
638914527
321856479
549127368
786439215
496573128
381924675
275861943
153789462
962435781
847216539
714352896
529648317
638197254
253479861
761238594
894516732
326791458
915824376
487653219
548167923
132985647
679342185
963741258
152398674
874265391
345872169
218956743
697134825
721489536
589623417
436517982
152398647
973641285
864572931
598714362
247936158
316285794
725463819
431829576
689157423
946731582
157248639
832659471
719423865
584976123
623815947
461397258
398562714
275184396
932475861
617928534
845613279
568741392
429836715
173259648
356192487
294387156
781564923
618459723
342867519
579123468
296534187
784291635
153786294
927648351
861375942
435912876
957261384
846537921
123489567
734926815
295814736
618375492
572198643
481653279
369742158
132749685
857361924
964285371
216457839
348692157
579813246
421536798
683974512
795128463
746513892
132869754
598742316
367925481
925481673
481637925
679154238
254378169
813296547
956327841
127486395
834951267
548739612
271864539
369215478
793548126
415692783
682173954
935748621
876231594
124695783
512469378
643872915
789153462
267514839
491386257
358927146
143258679
872964153
695137482
986541327
451372968
237896514
719623845
564789231
328415796
937658241
864291735
125734986
583419627
649372518
712586493
471963852
396825174
258147369
924361758
156478293
837592641
613247985
749185326
582936174
498623517
371859462
265714839
856491372
143572698
927368451
278645139
514923786
639817245
361789524
485236917
792154863
659412378
238679451
741385296
865723149
427891635
913546782
396157824
574268913
182934567
354186927
298743615
167952483
481527369
932614578
576398241
729865134
845231796
613479852
