000100400
500000070
000000000
010600000
080000050
000003090
000380100
902050000
000000600
320000800
000100000
000000000
105020000
000005700
600400000
070083000
040000010
000000006
700000200
005800000
000100000
040020000
000000085
000030000
030000420
100500000
000004600
060400200
001000000
000000000
300000018
080700000
000000050
420000700
700010300
000005000
800000200
006900000
000100000
050020000
000000096
000040000
040000520
300600000
000005700
000000320
050400000
000000600
000200060
003000100
700500000
820000050
000003007
000010000
100000200
006800000
000100000
050020000
000000086
000040000
040000520
300600000
000005700
000030500
070000000
000000001
080000070
200050000
000600100
305200400
000708000
000000020
030000500
000600070
000200000
400000300
006100000
000020700
870030000
000004060
000000001
002500000
000000100
300000000
000600025
700030000
040000001
000040730
085100000
000000000
