version: 1
creator: callgrind-3.11.0
pid: 18442
cmd:  ./solvesudoku
part: 1


desc: I1 cache: 
desc: D1 cache: 
desc: LL cache: 

desc: Timerange: Basic block 0 - 374988560
desc: Trigger: Program termination

positions: line
events: Ir
summary: 1893490253


ob=(1) /lib/x86_64-linux-gnu/ld-2.23.so
fl=(27) /build/glibc-GKVZIf/glibc-2.23/string/../sysdeps/x86_64/multiarch/../memset.S
fn=(74) memset
53 10
+1 10
+1 10
+1 10
+1 10
+2 10
+1 10
+1 8
+1 8
+15 2
+1 2
+1 2
+1 2
+1 2
+1 2
+1 2
+1 2
+1 2
+1 2
+1 2
+1 2
+1 2
+1 4
+3 2
+1 2
+1 2
+1 2
+1 2
+1 2
+1 2
-6 34
+1 34
+1 34
+1 34
+1 34
+1 34
+1 34
+1 2
+3 8
+1 8
+1 8
+1 2
+1 2
+1 1
+1 1
+3 1
+1 1
+1 1
+1 1
+2 1
+1 1
+1 1
+2 6
+1 6
+1 6

fl=(43) /build/glibc-GKVZIf/glibc-2.23/elf/dl-version.c
fn=(156) match_symbol
76 55
+9 5
-8 5
-1 10
+1 5
+8 5
+6 15
+15 5
+1 10
+2 5
+5 10
+14 42
+12 48
+4 16
-30 32
+19 25
cfi=(19) /build/glibc-GKVZIf/glibc-2.23/string/../sysdeps/x86_64/multiarch/../strcmp.S
cfn=(54) strcmp
calls=5 +11 
* 169
* 10
+35 40

fn=(154) _dl_check_map_versions
189 12
-15 36
+17 4
+3 12
-3 4
+2 4
+1 4
+2 4
-3 4
+3 4
+3 4
+4 2
-4 2
+4 8
+17 2
56 4
220 2
56 10
+1 5
-1 10
+2 21
cfi=(34) /build/glibc-GKVZIf/glibc-2.23/elf/dl-misc.c
cfn=(106) _dl_name_match_p
calls=7 288 
* 884
* 16
228 6
+5 16
+19 3
-15 82
cfn=(156)
calls=3 76 
* 330
* 8
cfn=(156)
calls=2 76 
* 182
* 5
+7 30
+3 15
+9 12
+14 4
+3 8
+10 28
-7 112
+3 84
-3 8
+3 6
+8 9
+87 8
-81 12
cfi=(17) /build/glibc-GKVZIf/glibc-2.23/elf/dl-minimal.c
cfn=(36) calloc
calls=3 103 
* 165
* 3
+1 3
-2 3
+2 3
+11 3
+2 3
-5 3
+3 3
+2 3
-2 3
+2 3
+3 8
+4 6
+18 3
-15 9
+2 9
-2 6
+2 6
+2 5
+1 5
-1 10
+1 5
-1 5
+1 5
+1 5
-2 5
+2 10
+1 15
+3 15
+8 6
+10 9
+3 8
+20 28
-14 60
-2 28
+7 56
+1 28
-1 84
+1 28
-1 28
+1 28
+1 28
+3 90
+10 27
183 2
-8 2
+95 4
-80 2

fn=(152) _dl_check_all_versions
380 5
+4 7
+2 28
cfn=(154)
calls=4 189 
* 2902
-2 4
+2 12
-1 4
-1 8
+5 7

fl=(29) /build/glibc-GKVZIf/glibc-2.23/string/strdup.c
fn=(82) strdup
40 12
+1 3
cfi=(11) /build/glibc-GKVZIf/glibc-2.23/string/../sysdeps/x86_64/strlen.S
cfn=(22) strlen
calls=3 +25 
* 84
* 3
+1 6
cfi=(17)
cfn=(40) malloc
calls=3 +52 
* 87
* 3
+2 6
+4 3
-1 6
+1 6
-1 6
cfi=(18) /build/glibc-GKVZIf/glibc-2.23/string/../sysdeps/x86_64/multiarch/../memcpy.S
cfn=(46) memcpy
calls=3 +14 
* 106

fl=(6) /build/glibc-GKVZIf/glibc-2.23/elf/dl-lookup.c
fn=(10) _dl_setup_hash
956 12
+4 4
+4 8
+2 4
-1 4
+3 12
+1 4
+1 4
+3 4
-3 4
+7 4
-4 4
-1 4
+3 4
+2 4
-7 4
+7 4
+1 4

fn=(174) check_match
92 680
+3 595
+12 510
+3 428
cfi=(19)
cfn=(54)
calls=22 +34 
* 960
* 44
+5 85
-1 85
+1 85
+2 168
+19 168
+1 672
+46 85
-7 85
+7 425
-18 2
+2 1
+1 4
-1 5
-29 252
cfi=(19)
cfn=(54)
calls=84 +6 
* 2057
* 252

fn=(172) do_lookup_x
355 637
+1 91
-1 455
+48 91
-30 91
-11 91
+41 91
+7 182
-7 182
-30 364
+37 364
-44 182
+3 182
-3 384
+3 384
+4 572
+4 564
+4 564
+6 846
+8 282
-4 282
+1 282
+3 564
+1 846
+3 282
+1 564
+2 564
+8 282
-8 282
+8 2820
-99 197
553 1420
+1 68
cfi=(34)
cfn=(106)
calls=34 288 
* 3742
* 102
+3 594
+3 6
+1 728
-92 170
+50 636
+4 33
+12 170
+1 85
+1 170
413 540
+2 180
+2 1170
+13 258
-10 855
+2 170
+1 425
-1 85
+1 595
-1 85
+1 255
cfn=(174)
calls=85 92 
* 7648
+4 255
+34 10
+94 35
439 765

fn=(170) _dl_lookup_symbol_x
806 1001
568 91
806 364
568 455
+1 91
-1 91
+1 273
-1 273
+1 1131
-1 1131
+1 3393
-1 3575
808 91
+4 91
+4 91
-8 91
+1 182
+7 259
+7 91
-2 91
+2 91
-2 91
+6 91
-7 91
+7 182
-7 546
+15 6
-8 30
+2 1274
cfn=(172)
calls=91 355 
* 34819
+3 273
+26 182
+22 85
+1 595
+31 85
+9 425
+14 255
+3 340
+5 85
+2 728
-85 42
+16 6
+1 12
+59 2

fl=(11)
fn=(22)
66 14
+1 14
+1 14
+1 14
+1 14
+1 14
+1 14
+2 14
+2 14
+30 12
+1 12
+1 12
+1 12
+1 12
+1 5
+1 5
+4 7
+1 7
+1 7
+1 7
+1 7
+1 7
+1 7
+1 7
+1 7
+1 7
+1 7
+1 7
+5 56
+4 2
+1 28
+1 14
+14 1
+1 1
+1 2
+49 1
+1 1
+1 1
+1 1
+1 1
+1 1
+1 1
+1 1
+16 1
+2 1
+1 14
+2 1
+1 1
+1 1
+1 1

fl=(42) /build/glibc-GKVZIf/glibc-2.23/elf/dl-cache.c
fn=(204) _dl_unload_cache
322 4
-1 1
+3 2
cfi=(38) /build/glibc-GKVZIf/glibc-2.23/misc/../sysdeps/unix/syscall-template.S
cfn=(206) munmap
calls=1 84 
* 5
+1 1
+2 2

fn=(140) _dl_load_cache_lookup
185 9
+8 2
+3 3
+51 2
+9 1
+6 2
-6 4
+6 1
cfi=(24) /build/glibc-GKVZIf/glibc-2.23/io/../sysdeps/unix/syscall-template.S
cfn=(68) access
calls=1 84 
* 9
+19 1
-19 1
+19 148
cfn=(144) _dl_cache_libcmp
calls=9 138 
* 628
* 38
-15 4
+15 14
cfn=(144)
calls=1 138 
* 71
* 7
-82 4
cfi=(34)
cfn=(142) _dl_sysdep_read_whole_file
calls=1 45 
* 94
+8 1
-8 1
+8 4
+1 4
cfi=(14) /build/glibc-GKVZIf/glibc-2.23/string/../sysdeps/x86_64/multiarch/../memcmp.S
cfn=(30) bcmp
calls=1 24 
* 38
* 2
+7 1
-3 1
+3 3
+3 1
+1 2
-1 1
+1 1
+1 4
cfi=(14)
cfn=(30)
calls=1 24 
* 32
* 2
+61 21
+16 2
+4 2
+8 3
cfi=(11)
cfn=(22)
calls=1 66 
* 34
* 2
+1 1
-1 4
+1 2
cfi=(18)
cfn=(46)
calls=1 61 
* 91
+1 2
cfi=(29)
cfn=(82)
calls=1 40 
* 109
+1 8
-31 9

fn=(144)
138 30
+1 22
+2 96
+2 48
-2 48
+2 2
+6 1
+2 1
-1 1
-1 1
+1 1
+1 4
+2 5
+2 2
+6 94
+2 170
+4 38
+1 38
-29 76
+32 3
-7 18

fl=(40) /build/glibc-GKVZIf/glibc-2.23/elf/dl-deps.c
fn=(134) openaux
60 4
+7 2
-4 22
cfi=(22) /build/glibc-GKVZIf/glibc-2.23/elf/dl-load.c
cfn=(104) _dl_map_object
calls=2 2167 
* 5469
* 2
+5 4

fn=(132) _dl_map_object_deps
161 1
-1 1
+1 1
-1 4
+1 1
-1 2
+1 1
-1 2
+1 1
-1 2
+1 3
-15 1
+15 1
-17 1
+1 1
+1 1
+6 4
+26 1
-26 1
+26 7
-34 1
+2 1
+33 2
-33 1
-2 1
+2 2
-2 1
+1 1
+1 1
+6 3
+26 1
-26 1
+26 5
+4 1
+21 1
+1 1
-22 2
+19 1
-12 1
+15 1
-16 2
+13 1
317 9
217 1
-4 1
-4 1
+8 4
-4 3
-4 3
+8 3
+12 8
+2 2
+11 2
-5 2
-6 4
+5 2
+2 4
+1 4
+3 14
+50 6
+1 3
-51 192
+1 96
+6 10
cfi=(28) /build/glibc-GKVZIf/glibc-2.23/string/../sysdeps/x86_64/multiarch/../strchr.S
cfn=(76) index
calls=2 24 
* 70
* 4
+5 10
-3 2
+3 2
cfi=(32) /build/glibc-GKVZIf/glibc-2.23/elf/dl-error.c
cfn=(96) _dl_catch_error
calls=2 -91 
* 5627
+2 6
+15 2
+2 4
+5 2
+6 2
+2 2
-8 4
+3 2
+1 2
+1 2
+1 2
+4 12
+7 138
459 12
+2 6
+2 6
cfi=(17)
cfn=(40)
calls=2 94 
* 58
* 2
+2 2
-2 2
+2 2
+4 8
-1 2
+1 2
cfi=(18)
cfn=(46)
calls=2 61 
* 41
+1 10
cfi=(18)
cfn=(46)
calls=2 61 
* 41
+4 2
-1 2
+5 22
+7 6
+1 1
+3 5
+10 4
cfi=(17)
cfn=(40)
calls=1 94 
* 29
* 1
+3 1
-3 1
+3 1
+5 6
+1 1
-1 3
+1 2
+8 2
+4 3
-4 1
-6 3
-2 3
+8 6
+4 9
-4 3
-6 9
+13 3
+51 3
+2 3
+42 1
-4 1
+5 2
-1 4
+1 2
cfi=(27)
cfn=(74)
calls=1 53 
* 15
* 1
-2 9
+7 1
-1 1
+1 1
-1 2
+7 1
-7 1
+7 2
-13 2
+7 2
-1 2
+1 2
-1 4
+7 2
-7 2
+7 6
+2 8
+1 4
-1 4
+1 3
+2 9
+1 6
+28 18
cfi=(27)
cfn=(74)
calls=2 53 
* 37
* 10
-6 3
-28 6
+31 10
-6 2
+16 2
+2 1
+1 1
-1 1
+2 3
+7 3
+3 3
+3 8
481 9
-1 4
+1 9
202 2
+27 8
-19 4
+8 25
+2 2
+2 8
+2 30
338 6
611 8
cfi=(18)
cfn=(46)
calls=1 61 
* 28
+2 1
-38 1
+38 1
209 2

fl=(1) ???
fn=(0) 0x0000000000000cc0
0 2
cfi=(2) /build/glibc-GKVZIf/glibc-2.23/elf/rtld.c
cfn=(2) _dl_start
calls=1 337 
0 89934
0 14
cfi=(53) /build/glibc-GKVZIf/glibc-2.23/elf/dl-init.c
cfn=(210) _dl_init
calls=1 80 
0 1608
0 3
cob=(5) /home/sunjay/Documents/projects/sudoku/solvesudoku
cfi=(64) ???
cfn=(250) _start
calls=1 0 
0 1893398692

fl=(66) /build/glibc-GKVZIf/glibc-2.23/elf/../elf/dl-runtime.c
fn=(260) _dl_fixup
66 20
+5 20
-5 10
+3 20
+3 10
-1 20
-3 10
+5 60
+1 10
-1 10
+1 20
+5 20
+4 20
+4 30
+4 10
+1 50
+2 40
+7 20
-1 10
+1 10
+10 90
cfi=(6)
cfn=(170)
calls=10 806 
* 8345
* 10
+4 50
+10 60
+16 10
-8 10
+8 30
+4 30
fi=(5) /build/glibc-GKVZIf/glibc-2.23/elf/../sysdeps/x86_64/dl-machine.h
+90 10
fe=(66)
-86 30

fl=(15) /build/glibc-GKVZIf/glibc-2.23/elf/dl-object.c
fn=(32) _dl_new_object
61 42
+1 3
cfi=(11)
cfn=(22)
calls=3 +4 
* 66
+6 3
-6 6
+6 6
+7 12
cfi=(17)
cfn=(36)
calls=3 +28 
* 120
* 3
+3 3
-3 3
+3 3
+4 3
+5 6
-6 3
+6 3
-5 3
+3 6
+2 3
cfi=(18)
cfn=(46)
calls=3 -26 
* 88
+10 3
-10 3
+10 3
-8 3
+9 6
-1 9
+1 9
+3 3
-4 3
+1 3
+3 3
+9 3
-7 3
+4 3
+3 9
+2 2
-2 2
+2 30
-2 30
+12 3
+6 3
-5 3
-1 3
+6 15
+2 2
+3 2
-3 2
+3 2
-3 4
+7 6
+4 4
+2 5
+6 1
+6 1
-3 2
+3 4
-3 4
+3 4
+2 6
cfi=(11)
cfn=(22)
calls=2 -91 
* 68
+4 2
-4 8
+4 6
+64 4
+4 24
68 30
+34 8
+39 8
+70 6
cfi=(25) /build/glibc-GKVZIf/glibc-2.23/string/../sysdeps/x86_64/memcpy.S
cfn=(70) mempcpy
calls=2 61 
* 71
* 42
+6 40
-1 40
+1 42
-1 2
+1 6
+5 4
-89 2
+32 4
cfi=(17)
cfn=(40)
calls=2 -71 
* 58
* 2
+1 2
-1 2
+1 6
+2 1
-35 2

fn=(48) _dl_add_to_namespace_list
32 15
+2 6
cfi=(2)
cfn=(50) rtld_lock_default_lock_recursive
calls=3 688 
* 6
+2 3
-2 3
+2 19
+3 15
+2 2
+2 2
+4 2
+4 2
-4 4
+1 2
+4 4
-4 2
+1 2
+3 2
-3 2
+2 2
cfi=(2)
cfn=(52) rtld_lock_default_unlock_recursive
calls=2 694 
* 4
-4 1
+4 1
-4 2
+1 1
+4 2
-4 1
+1 1
+3 1
-3 1
+2 1
cfi=(2)
cfn=(52)
calls=1 694 
* 2
-5 2

fl=(17)
fn=(44) __libc_memalign
52 66
+1 87
+11 63
+3 21
-3 21
+3 42
-3 3
+3 1
-3 1
+3 78
+4 12
+1 6
+6 24
cfi=(26) /build/glibc-GKVZIf/glibc-2.23/misc/../sysdeps/unix/sysv/linux/wordsize-64/mmap.c
cfn=(72) mmap
calls=3 -45 
* 99
+2 15
+4 9
+3 3
+1 3
+2 15
-3 19
+1 19
+2 95
-31 2
-1 5

fn=(86) free
120 1
+2 3
+7 2

fn=(36)
103 8
+8 24
-4 8
+4 16
+3 8
cfn=(40)
calls=8 -20 
* 289
* 8

fn=(80) strsep
354 8
+2 4
+1 8
+4 132
+7 366
-2 244
+13 2
+4 4
-7 61
-15 187

fn=(40)
94 21
+1 42
cfn=(44)
calls=21 -43 
* 633
* 21

fl=(31) /build/glibc-GKVZIf/glibc-2.23/elf/dl-tls.c
fn=(162) _dl_allocate_tls_storage
354 3
+2 1
+11 3
cfi=(17)
cfn=(44)
calls=1 52 
* 76
* 1
+1 2
+7 2
+4 1
-57 1
+57 296
-58 2
+1 2
cfi=(17)
cfn=(36)
calls=1 103 
* 38
* 1
+1 2
+3 1
+6 2
+64 5

fn=(200) _dl_allocate_tls_init
450 2
-1 7
+5 1
+6 3
-6 1
+6 1
-4 1
+16 1
-15 3
+20 6
+6 16
+3 1
+1 2
+6 3
+3 1
-2 2
+2 4
+1 1
+3 1
-1 3
+4 2
+1 4
+2 2
+9 6
cfi=(25)
cfn=(70)
calls=1 61 
* 23
* 4
cfi=(27)
cfn=(74)
calls=1 53 
* 30
* 2
-38 3
+52 2
+2 1
+1 8

fn=(198) _dl_add_to_slotinfo
890 3
+9 1
-9 1
+6 2
+8 5
+41 1
+1 3
+1 4

fn=(146) _dl_next_tls_modid
49 1
+3 4
+48 1
+4 2

fn=(160) _dl_determine_tlsoffset
138 7
+6 3
+3 2
+36 3
+2 10
+3 1
-1 1
+5 2
-5 3
+3 3
+2 5
+16 3
+2 2
-2 2
+2 2
+10 1
-37 2
+25 1
-25 4
+40 4
+1 1
+51 1
+1 8

fn=(90) _dl_count_modids
115 2
+1 2

fl=(7) /build/glibc-GKVZIf/glibc-2.23/elf/../elf/dl-sysdep.c
fn=(12) _dl_sysdep_start
86 8
+25 1
-1 1
+1 228
+6 1
-3 1
+1 1
-4 1
+3 1
+3 4
+1 2
-1 25
+1 105
-1 102
+62 1
+1 1
-1 1
+1 1
-29 1
+1 2
+11 1
+1 1
-1 1
+1 1
-7 1
+1 1
-1 1
+1 1
-4 1
+1 2
-25 1
+1 2
-4 1
+1 2
-7 1
+1 1
+2 1
+1 1
fi=(9) /build/glibc-GKVZIf/glibc-2.23/elf/../sysdeps/unix/sysv/linux/dl-sysdep.c
-90 2
cfi=(10) /build/glibc-GKVZIf/glibc-2.23/elf/../sysdeps/unix/sysv/linux/x86_64/brk.c
cfn=(18) brk
calls=1 -4 
* 11
fi=(5)
223 5
fi=(8) /build/glibc-GKVZIf/glibc-2.23/elf/../sysdeps/x86/cpu-features.c
61 2
+3 1
-3 1
+3 9
175 3
+1 1
+3 2
+1 1
+2 2
+1 7
+7 3
+4 2
+2 4
+51 2
fe=(7)
-16 1
fi=(8)
+27 1
+1 1
+1 1
fe=(7)
-29 1
+1 1
cfi=(11)
cfn=(22)
calls=1 66 
* 32
* 1
+2 2
cfi=(12) /build/glibc-GKVZIf/glibc-2.23/elf/../misc/sbrk.c
cfn=(24) sbrk
calls=1 34 
* 17
* 3
+12 3
+3 5
cfi=(2)
cfn=(26) dl_main
calls=1 738 
* 88574
+1 1
+1 8
fi=(8)
-4 2
+1 4
+1 4
-49 2
+1 1
+6 3
+5 3
+16 2
+3 2
29 2
+4 1
-4 1
+5 1
-1 1
+2 1
-1 1
+1 1
-2 1
+1 1
+1 1
+1 1
-7 2
+3 1
+4 1
+5 1
+32 2
-32 1
+27 1
+5 1
+3 1
+1 8
+57 2
-66 2
+44 2
250 2
+1 4
fe=(7)

fn=(202) _dl_sysdep_start_cleanup
256 1

fl=(25)
fn=(70)
61 17
+4 17
+3 16
+1 16
+2 7
+1 7
+2 7
+1 7
+5 7
+1 7
-1 9
+1 9
+2 10
+1 10
+2 10
+1 10
+5 10
+1 10
-1 6
+1 6
+2 5
+1 5
+2 5
+1 5
+5 5
+1 5
-1 11
+1 11
+2 7
+1 7
+2 7
+1 14
+5 7
+1 7
-1 9
+1 11
+5 2
+1 2
+1 2
+1 2
+2 2
+2 2
+1 2
+2 2
+6 16
+4 16
+12 2
+2 2
+1 2
+26 2
+1 2
+3 2
+1 2
+1 2
+5 2
+2 2
+1 2
+1 2
+1 2
+2 2
+1 2
+1 2
+1 2
+2 2
+1 2
+2 2
+22 2
+2 2
+2 1
+7 1

fl=(32)
fn=(96)
163 6
+15 3
-3 6
+1 6
-13 6
+14 6
+1 3
+2 3
cfi=(2)
cfn=(98) _dl_initial_error_catch_tsd
calls=3 648 
* 6
+2 3
-1 3
+4 3
-3 6
+3 3
-4 3
+4 3
cfi=(33) /build/glibc-GKVZIf/glibc-2.23/setjmp/../sysdeps/x86_64/setjmp.S
cfn=(100) __sigsetjmp
calls=3 26 
* 60
* 9
+2 9
cfi=(40)
cfn=(134)
calls=2 60 
* 5503
cfi=(2)
cfn=(102) map_doit
calls=1 480 
* 2372
+1 6
+2 3
+1 3
-3 3
+1 6
+1 3
+9 3
-8 3
+8 9

fn=(148) _dl_receive_error
205 10
+1 1
cfi=(2)
cfn=(98)
calls=1 648 
* 2
+5 1
-1 1
-4 1
+9 1
+2 1
-3 1
+3 1
cfi=(2)
cfn=(150) version_check_doit
calls=1 513 
* 2987
+2 1
+1 1
+1 8

fl=(18)
fn=(46)
61 15
+2 15
+2 15
+3 13
+1 13
+2 5
+1 5
+2 5
+1 5
+5 5
+1 5
-1 8
+1 8
+2 3
+1 3
+2 3
+1 6
+5 3
+1 3
-1 10
+1 10
+2 2
+1 2
+2 2
+1 2
+5 2
+1 2
-1 11
+1 11
+2 8
+1 8
+2 8
+1 8
+5 8
+1 8
-1 5
+1 10
+5 5
+1 5
+1 5
+1 5
+2 5
+2 5
+1 5
+2 5
+8 13
+8 6
+6 6
+2 6
+1 6
+3 2
+1 6
+5 2
+1 2
+2 2
+2 2
+1 2
+2 2
-8 12
+1 12
+2 12
+2 12
+1 12
+2 16
+9 2
+1 2
-1 4
+1 4
+3 6
+1 6
+1 6
+5 5
+2 5
+1 5
+1 5
+1 5
+2 5
+1 5
+1 5
+1 5
+2 5
+1 5
+2 5
+22 6
+6 6
+1 6
+2 2

fl=(14)
fn=(30)
24 13
+1 13
+1 13
+1 13
+1 13
+1 13
+1 13
+1 13
+3 13
+1 13
+1 5
+1 5
+1 5
+1 5
+1 5
+1 5
+1 5
+2 12
+1 12
+1 4
+1 4
+1 4
+1 4
+1 4
+1 4
+1 4
+2 12
+1 12
+1 5
+1 5
+1 5
+1 5
+1 2
+1 2
+1 2
+2 9
+1 9
+1 5
+1 5
+1 5
+1 5
+5 4
+1 4
+1 4
+1 4
+1 4
+1 4
+1 4
+1 2
+1 2
+1 2
+1 2
+1 2
+7 2
+2 3
+4 8
+1 8
+1 1
+1 1
+1 1
+1 1
+1 1
+1 1
+1 1
+1 1
+1 1
+1 1
+1 1
+4 9
+1 9

fl=(22)
fn=(104)
2167 21
+8 3
-8 6
+8 3
+1 12
+3 42
+5 49
+2 21
cfi=(34)
cfn=(106)
calls=7 288 
* 1016
* 14
+4 12
+1 18
+3 2
+2 8
cfi=(19)
cfn=(54)
calls=2 144 
* 68
* 4
2478 24
2213 10
+9 2
-53 2
+53 4
+36 4
-2 2
+2 2
cfi=(28)
cfn=(76)
calls=2 24 
* 46
* 4
2409 2
372 3
cfi=(28)
cfn=(76)
calls=1 24 
* 47
* 2
+4 2
cfi=(29)
cfn=(82)
calls=1 40 
* 128
2410 1
-3 1
+3 2
+4 9
cfn=(108) open_verify.constprop.7
calls=1 1695 
* 299
+3 1
-3 1
+3 3
+12 3
+46 1
+1 3
-1 1
+1 9
cfn=(114) _dl_map_object_from_fd
calls=1 871 
* 1444
-1 1
+1 3
-1 1
+1 9
cfn=(114)
calls=1 871 
* 1738
* 6
2262 2
cfi=(11)
cfn=(22)
calls=1 66 
* 16
* 1
+2 1
-2 1
+2 1
+7 4
+35 2
+1 14
cfn=(136) open_path
calls=1 2018 
* 777
+6 2
-6 1
+6 3
638 1
2314 1
638 2
2401 2
+28 3
+2 4
2275 1
+5 1
-5 1
+5 1
+3 2
-3 1
+3 7
-3 3
638 1
2281 1
638 2
2336 1
-14 1
+14 1
+2 3
+4 2
cfi=(42)
cfn=(140)
calls=1 185 
* 1431
+2 1
-2 1
+2 1
+4 2
+8 3
+23 10
cfn=(108)
calls=1 1695 
* 370
+4 1
-4 1
+4 3
+1 2
-89 3
+1 8
638 1
2297 1
638 2

fn=(114)
871 22
+10 2
-10 2
+10 2
-10 6
+10 2
cfi=(30) /build/glibc-GKVZIf/glibc-2.23/elf/dl-debug.c
cfn=(88) _dl_debug_initialize
calls=2 50 
* 16
fi=(35) /build/glibc-GKVZIf/glibc-2.23/elf/../sysdeps/posix/dl-fileid.h
37 6
fe=(22)
881 2
fi=(35)
37 2
cfi=(36) /build/glibc-GKVZIf/glibc-2.23/io/../sysdeps/unix/sysv/linux/wordsize-64/fxstat.c
cfn=(120) _fxstat
calls=2 -3 
* 20
* 4
+4 2
fe=(22)
897 2
fi=(35)
40 2
+1 2
fe=(22)
897 29
+1 10
fi=(35)
49 12
fe=(22)
1443 16
915 4
+24 4
+10 4
+22 8
+32 4
882 2
1006 14
cfi=(15)
cfn=(32)
calls=2 61 
* 831
+1 2
-1 2
+1 2
+11 4
+1 2
-1 2
+2 2
-1 2
+4 2
-1 4
-2 2
+2 4
+1 6
+1 2
+19 2
-2 2
+10 2
-8 12
+8 2
-8 6
+8 2
+87 2
+8 2
-8 8
+8 2
-8 6
-86 32
-1 136
+1 95
+6 4
+1 6
+1 2
+9 20
+5 32
+9 12
-1 12
+1 4
+1 8
+2 4
-2 4
+1 4
-1 4
+3 4
+4 4
-7 4
+2 4
+1 4
+4 4
+1 12
+4 6
-14 2
+14 12
+11 2
-11 6
-14 2
+14 12
+11 2
-44 2
+1 1
+46 3
+4 1
+1 1
+1 1
-1 2
+1 1
+3 3
+1 1
+3 1
-3 1
+7 4
+6 1
cfi=(31)
cfn=(146)
calls=1 49 
* 8
* 2
+1 1
+59 4
+1 6
+1 2
-6 4
+1 2
+8 6
1019 2
1207 2
1019 2
1207 2
+10 6
fi=(37) /build/glibc-GKVZIf/glibc-2.23/elf/./dl-map-segments.h
56 4
fe=(22)
1217 6
fi=(37)
56 2
fe=(22)
1217 2
fi=(37)
56 2
fe=(22)
1217 4
fi=(37)
56 12
cfi=(26)
cfn=(72)
calls=2 -23 
* 70
+4 2
-4 2
+4 4
+3 4
+1 2
+2 2
-2 2
-1 2
+3 2
+10 4
fi=(39) /build/glibc-GKVZIf/glibc-2.23/elf/./dl-load.h
+14 8
+1 6
+2 8
fi=(37)
+7 16
+6 2
+2 2
-2 2
+1 2
+2 2
-1 2
+1 2
-1 6
+8 4
+17 4
+12 4
-59 20
+2 4
+2 2
-2 4
+2 20
cfi=(26)
cfn=(72)
calls=2 -57 
* 62
* 6
fe=(22)
1229 8
+9 4
fi=(3) /build/glibc-GKVZIf/glibc-2.23/elf/get-dynamic-info.h
39 2
fe=(22)
1238 2
fi=(3)
39 2
+6 2
-2 2
+2 4
+15 2
+5 2
+3 2
-1 2
-3 2
-3 36
+10 8
-26 24
+16 35
+10 35
-26 105
+26 2
-26 6
+2 90
+13 40
+2 8
+3 8
+13 4
+20 7
+1 8
+1 8
+1 8
+2 8
+5 8
+1 7
+1 8
+6 6
+5 4
+7 4
+1 6
+16 6
+5 1
+2 1
-2 1
+2 1
+2 2
+2 2
+3 6
+10 1
-8 4
+8 1
+5 2
+3 4
fe=(22)
1245 4
+15 6
+19 4
+2 10
+54 6
+1 2
+3 2
cfi=(24)
cfn=(130) close
calls=1 84 
* 5
* 2
cfi=(24)
cfn=(130)
calls=1 84 
* 5
* 4
+9 4
+2 6
+2 2
-2 2
+2 2
+16 4
cfi=(6)
cfn=(10)
calls=2 956 
* 46
+4 4
+1 4
+17 4
+9 2
-5 6
+5 2
+10 4
+10 6
cfi=(15)
cfn=(48)
calls=2 32 
* 82
+4 8
fi=(3)
68 8
+2 10
fe=(22)
1391 2
fi=(37)
119 4
+8 16
cfi=(27)
cfn=(74)
calls=2 -74 
* 283
* 8
-54 8
-1 12
cfi=(38)
cfn=(124) mprotect
calls=2 +12 
* 10
* 2
fi=(39)
+22 5
+1 11
+3 4
fi=(37)
+39 9
cfi=(26)
cfn=(72)
calls=1 33 
* 31
+3 3
fe=(22)
1233 2

fn=(78) fillin_rpath
433 8
+2 1
-2 9
+5 1
cfi=(17)
cfn=(80)
calls=1 -84 
* 238
* 4
-66 3
cfi=(28)
cfn=(76)
calls=1 24 
* 23
* 2
+4 2
cfi=(29)
cfn=(82)
calls=1 40 
* 94
* 1
+68 2
cfi=(11)
cfn=(22)
calls=1 66 
* 16
+4 1
-4 1
+4 1
+22 15
+1 8
+55 2
+2 2
cob=(2) ???
cfi=(16) ???
cfn=(84) 0x0000000004000ab0
calls=1 0 
* 7
* 2
-90 1
cfi=(17)
cfn=(80)
calls=1 -84 
* 6
* 3
+94 1
+3 9
-46 2
+4 2
-1 4
cfi=(17)
cfn=(40)
calls=1 94 
* 29
* 1
+3 1
-3 1
+3 2
+5 1
+1 2
-2 1
+2 1
cfi=(25)
cfn=(70)
calls=1 61 
* 31
+3 1
-3 1
+1 1
+2 1
+6 2
+1 1
-1 2
+1 13
+1 11
-1 2
+3 2
+1 3
+7 1
+1 1
-1 2
-67 6
+8 1
-3 3
+3 2
+26 2
-34 2
+65 2
-9 2

fn=(136)
2018 8
+1 1
+6 1
-6 1
+6 1
+5 9
+52 1
-59 1
-1 1
+60 1
-52 8
+74 4
-62 1
-9 1
+9 1
+7 4
cfi=(25)
cfn=(70)
calls=1 61 
* 31
+1 1
-1 1
+1 5
+20 8
-20 15
+3 8
+5 8
-1 4
+1 8
-1 12
cfi=(25)
cfn=(70)
calls=4 61 
* 85
* 16
cfi=(25)
cfn=(70)
calls=4 61 
* 92
-1 4
+7 4
-7 4
+7 4
+3 36
cfn=(108)
calls=4 1695 
* 176
* 4
+2 20
+67 7
+7 1
-2 1
+2 3
+3 3
+14 1
-27 1
+27 7
-84 8
+1 36
+6 4
+2 4
-2 4
+2 8
-2 4
+2 4
cfi=(41) /build/glibc-GKVZIf/glibc-2.23/io/../sysdeps/unix/sysv/linux/wordsize-64/xstat.c
cfn=(138) _xstat
calls=4 34 
* 49
* 8
+1 1
+2 1
-2 1
+2 7
+7 3
-7 3
+7 9
-30 3
+23 6

fn=(108)
1695 66
+39 6
-39 18
+39 22
+31 24
cfi=(24)
cfn=(110) open
calls=6 84 
* 46
+2 6
-2 6
+2 8
+10 2
+1 4
+5 16
cfi=(24)
cfn=(112) read
calls=2 84 
* 10
+2 4
+2 2
+2 2
-2 4
+2 2
+6 4
+16 8
cfi=(14)
cfn=(30)
calls=2 24 
* 57
* 18
cfi=(14)
cfn=(30)
calls=2 24 
* 72
* 4
+74 4
+5 4
+2 8
+6 4
+11 4
+6 2
+1 2
-1 8
+1 2
-1 2
+1 4
+1 6
+20 106
+2 36
+4 8
+1 6
+12 14
+4 6
+5 1
+1 1
-13 4
cfi=(14)
cfn=(30)
calls=1 24 
* 25
* 8
cfi=(14)
cfn=(30)
calls=2 24 
* 60
* 6
+16 2
+3 7
+3 3
+1 5
-39 2
+67 20
-23 4
+23 28
1804 2
+7 4
cfi=(14)
cfn=(30)
calls=1 24 
* 24
* 2

fn=(64) _dl_init_paths
661 1
+13 2
-13 8
+13 3
cfi=(23) /build/glibc-GKVZIf/glibc-2.23/elf/dl-hwcaps.c
cfn=(66) _dl_important_hwcaps
calls=1 39 
* 398
+5 1
-5 1
+5 1
cfi=(17)
cfn=(40)
calls=1 94 
* 29
* 1
+1 1
-2 1
+2 2
+8 1
-1 1
+1 2
-1 1
+1 1
-1 3
+5 1
-5 1
+5 1
cfi=(17)
cfn=(40)
calls=1 94 
* 80
* 1
+2 1
-3 1
+3 1
+17 1
+12 1
-9 2
+6 1
-19 1
+10 1
+12 1
-11 1
+2 1
+1 4
-15 1
+23 4
-3 21
cfi=(27)
cfn=(74)
calls=4 53 
* 60
* 4
+3 27
-14 3
+2 3
+1 3
+2 6
-3 3
+4 9
+4 3
-3 3
+3 3
+1 3
-4 9
+4 3
+10 1
+4 1
-11 1
+6 1
+6 1
-12 1
+12 1
+2 4
+2 3
+38 5
+8 3
cfi=(28)
cfn=(76)
calls=1 24 
* 94
* 2
+2 2
cfi=(11)
cfn=(22)
calls=1 66 
* 62
* 8
cfi=(18)
cfn=(46)
calls=1 61 
* 31
* 1
+4 6
+17 1
-4 4
-13 52
+17 13
-4 53
+8 1
cfi=(17)
cfn=(40)
calls=1 94 
* 29
* 1
+1 1
-2 1
+2 1
+6 9
cfn=(78)
calls=1 433 
* 605
+4 5
+6 1
+4 8
-75 1
-2 1
+2 2
+14 2

fl=(23)
fn=(66)
39 6
+3 1
-3 2
+3 1
-1 1
+1 1
+9 1
-12 4
+12 2
+10 4
162 2
-47 3
cfi=(24)
cfn=(68)
calls=1 -31 
* 9
* 2
+55 3
+2 2
+1 5
+4 2
+4 1
-4 1
+1 1
+3 1
+3 1
+1 1
-1 1
+4 3
+1 1
-1 9
+1 1
+18 10
+1 2
-1 1
+1 3
cfi=(17)
cfn=(40)
calls=1 94 
* 29
* 1
+1 1
-1 1
+1 5
+29 1
+3 1
-3 2
+3 1
+23 7
+6 2
-1 2
+1 6
-1 8
+5 6
+3 1
-3 1
+3 1
-3 3
+3 1
-3 1
+3 5
+1 12
+1 4
-1 4
+1 8
-2 4
+1 8
-1 14
+4 4
+4 1
-1 1
+2 1
-2 1
+1 1
+1 1
-2 1
+2 10
+13 2
+1 1
-1 1
+3 2
-3 2
+1 1
-1 1
+3 2
+3 4
+3 1
-1 1
+1 9
113 1
+17 1
+1 1
-1 9
243 6
cfi=(25)
cfn=(70)
calls=1 61 
* 22
* 4
cfi=(25)
cfn=(70)
calls=1 61 
* 18
+1 4
cfi=(25)
cfn=(70)
calls=1 61 
* 22
* 4
cfi=(25)
cfn=(70)
calls=1 61 
* 18
* 12

fl=(9)
fn=(60) _dl_discover_osversion
45 7
+2 3
+85 8
-45 3
cfi=(21) /build/glibc-GKVZIf/glibc-2.23/posix/../sysdeps/unix/syscall-template.S
cfn=(62) uname
calls=1 -3 
* 5
* 1
+15 1
-15 1
+20 1
-1 1
+3 12
+4 3
-2 6
+2 9
+7 3
-1 3
+4 3
-2 3
+2 10
+5 2

fl=(19)
fn=(54)
144 214
+1 214
+2 214
+1 214
+21 214
+1 214
+1 164
+1 164
+1 129
+1 129
+1 129
+1 129
+21 129
+1 129
+1 129
+1 129
+1 129
+1 129
+1 129
+5 5
+1 5
+9 5
+1 5
+1 5
+1 5
+1 5
+1 5
+1 5
+1 5
-7 85
+1 85
+1 85
+1 85
+1 85
+1 85
+1 85
+1 85
+1 88
+1 77
+1 77
+1 77
+2 77
+1 77
+1 77
+1 77
+1 77
+1 77
-5 11
+1 11
+1 11
+1 11
+1 11
+1 11
+10 2
+1 2
+1 2
+2 2
+6 2
+1 2
+1 2
+1 2
+1 2
+5 2
1196 4
+1 4
+1 4
+1 4
+1 4
+2 4
+1 4
+1 4
+1 4
+1 4
+1 4
+1 4
1321 19
+1 19
+1 19
+1 19
+1 19
+2 19
+1 19
+1 19
+1 19
+1 19
+1 19
+1 19
+1 1
+4 1
+1 1
+1 1
+6 1
+1 1
+1 2
+4 1
+1 1
+3 1
+1 1
+1 1
+3 1
+1 1
+1 1
+6 1
+1 1
+1 1
+1 1
+1 1
+1 1
1571 4
+1 4
+1 4
+1 4
+1 4
+2 4
+1 4
+1 4
+1 4
+1 4
+1 4
+1 4
+1 3
+4 3
+1 3
+1 3
+6 3
+1 3
+1 6
+4 3
+1 3
+3 3
+1 3
+1 3
+3 3
+1 3
+1 3
+6 3
+1 3
+1 3
+1 3
+1 3
+1 3
+72 2
+1 2
+1 2
+1 2
+1 2
+2 2
+1 2
+1 2
+1 2
+1 2
+1 2
+1 2
+1 1
+4 1
+1 1
+1 1
+6 1
+1 1
+1 2
+4 1
+1 1
+3 1
+1 1
+1 1
+3 1
+1 1
+1 1
+6 1
+1 1
+1 1
+1 1
+1 1
+1 1
+72 5
+1 5
+1 5
+1 5
+1 5
+2 5
+1 5
+1 5
+1 5
+1 5
+1 5
+1 5
+1 3
+4 3
+1 3
+1 3
+6 3
+1 3
+1 6
+4 3
+1 3
+3 3
+1 3
+1 3
+3 3
+1 3
+1 3
+6 3
+1 3
+1 3
+1 3
+1 3
+1 3
+72 4
+1 4
+1 4
+1 4
+1 4
+2 4
+1 4
+1 4
+1 4
+1 4
+1 4
+1 4
+1 3
+4 3
+1 3
+1 3
+6 3
+1 3
+1 6
+4 3
+1 3
+3 3
+1 3
+1 3
+3 3
+1 3
+1 3
+6 3
+1 3
+1 3
+1 3
+1 3
+1 3
+72 50
+1 50
+1 50
+1 50
+1 50
+2 50
+1 50
+1 50
+1 50
+1 50
+1 50
+1 50
+2 1
+4 1
+1 1
+1 1
+6 1
+1 1
+2 2
+4 1
+1 1
+3 1
+1 1
+1 1
+3 1
+1 1
+1 1
+6 1
+1 1
+1 1
+1 1
+1 1
+1 1
+74 12
+2 12
+1 12
+1 12
+1 12
-3 78
+1 78
+1 78
+1 78
+1 231
+5 77
+6 77
+1 77
+8 77
+1 77
-16 137
+6 137
+1 137
+8 137
+1 137

fl=(30)
fn=(92) _dl_debug_state
74 2

fn=(88)
50 8
+5 6
+5 2
-1 1
+1 2
+1 2
-1 1
+4 1
-13 4
+4 8
+4 1
-1 1
-58 4

fl=(2)
fn=(52)
694 8

fn=(26)
738 1
+19 1
-19 7
2353 1
738 3
+19 1
+3 1
-22 1
2348 1
760 1
+4 2
+1 2
+5 2
2346 2
+7 4
-4 1
+4 8
+2 2
cfi=(13) /build/glibc-GKVZIf/glibc-2.23/elf/dl-environ.c
cfn=(28) _dl_next_ld_env_entry
calls=1 30 
* 64
* 4
cfi=(13)
cfn=(28)
calls=2 30 
* 407
* 9
+4 50
+1 19
-1 57
+3 4
+6 14
2514 3
+30 3
780 3
981 7
cfi=(15)
cfn=(32)
calls=1 61 
* 250
+2 1
-2 1
+2 1
+1 1
+1 1
+5 2
-5 1
+1 2
+4 1
cfi=(15)
cfn=(48)
calls=1 32 
* 33
+1 3
747 1
1020 1
-3 1
-5 1
+1 1
+2 1
+5 7
+56 5
-55 24
-1 27
+1 47
1123 5
+3 2
+2 2
+2 3
+13 3
+1 6
cfi=(19)
cfn=(54)
calls=1 144 
* 44
* 2
+7 1
+3 1
-5 1
+3 1
+2 1
+1 2
+4 2
+2 2
fi=(3)
30 1
+9 2
+6 1
-2 1
+2 2
+15 1
+5 1
+3 1
+2 1
-3 1
-3 1
-3 14
+10 3
-26 9
+16 19
+10 19
-26 57
+26 1
-26 3
+2 46
+13 16
+2 4
+16 3
+38 3
+5 2
+7 2
+1 3
+16 3
+14 3
+18 2
fe=(2)
1166 2
cfi=(6)
cfn=(10)
calls=1 956 
* 23
+3 2
fi=(20) /build/glibc-GKVZIf/glibc-2.23/elf/setup-vdso.h
24 2
fe=(2)
1191 1
cfi=(9)
cfn=(60)
calls=1 45 
* 85
* 8
-75 2
+1 2
+1 1
-6 2
+1 1
-88 3
+1 1
+50 2
-1 8
+2 4
+1 1
+3 2
+1 2
-1 2
+1 2
+1 2
+1 6
+1 2
-43 1
-2 2
+27 1
-25 2
+7 1
-10 1
+10 1
-19 3
+1 1
fi=(3)
65 4
+3 4
+2 4
fe=(2)
2442 4
cfi=(14)
cfn=(30)
calls=1 24 
* 31
* 2
+2 3
-55 4
cfi=(14)
cfn=(30)
calls=1 24 
* 18
* 2
+7 4
cfi=(14)
cfn=(30)
calls=1 24 
* 36
* 2
+2 3
1185 3
+11 2
cfi=(22)
cfn=(64)
calls=1 661 
* 1746
+3 3
cfi=(30)
cfn=(88)
calls=1 50 
* 17
+7 1
-7 1
+2 1
+5 1
+3 3
+1 1
+3 1
-3 3
+1 2
+3 1
+5 1
-7 1
+7 1
+1 5
+17 2
+1 2
+5 1
-3 4
+2 2
+1 3
+5 3
+1 5
+2 2
+1 2
+5 2
+5 1
753 1
1262 2
1439 1
cfi=(31)
cfn=(90)
calls=1 115 
* 4
* 1
+8 3
+3 1
+4 3
+5 1
+1 1
cfi=(30)
cfn=(92)
calls=1 74 
* 1
+1 1
+4 3
+15 3
+4 1
-2 1
+2 2
+31 3
cfi=(24)
cfn=(68)
calls=1 84 
* 9
* 2
+77 1
1481 1
1592 3
+17 3
+1 1
-1 1
+1 2
-1 1
+1 5
cfi=(40)
cfn=(132)
calls=1 161 
* 7023
+1 1
+2 2
+3 1
-3 3
+3 1
-3 1
+3 3
+1 4
-1 2
+1 12
-1 6
+4 3
+1 3
+1 1
+2 2
+1 6
-1 5
+1 5
-1 3
-28 5
+1 1
-1 3
+4 3
+1 1
+1 2
+1 3
+34 1
+1 2
-1 1
+1 1
+2 1
+2 3
+2 1
-4 1
+5 1
-1 2
+14 2
+1 2
+1 3
+11 1
+2 1
-2 1
+2 2
-1 1
+1 1
-2 3
+2 1
cfi=(32)
cfn=(148)
calls=1 205 
* 3017
+10 1
+1 1
-1 1
+1 1
+1 1
cfn=(158) init_tls
calls=1 573 
* 619
* 1
+2 2
703 1
+2 3
fi=(104) /build/glibc-GKVZIf/glibc-2.23/elf/../sysdeps/unix/sysv/linux/dl-osinfo.h
77 1
fe=(2)
714 1
+7 1
-5 1
1692 3
1922 3
2092 4
+2 1
+5 3
cfi=(31)
cfn=(200)
calls=1 450 
* 147
+3 2
+9 3
+2 2
+15 1
+2 1
-2 2
+3 1
-3 1
+3 1
-3 1
+3 3
cfi=(44) /build/glibc-GKVZIf/glibc-2.23/elf/dl-reloc.c
cfn=(164) _dl_relocate_object
calls=1 149 
* 3984
+1 1
+2 6
+8 1
cfi=(7)
cfn=(202)
calls=1 256 
* 1
+4 3
+20 3
cfi=(30)
cfn=(88)
calls=1 50 
* 8
+1 1
-1 1
+2 1
cfi=(30)
cfn=(92)
calls=1 74 
* 1
+1 1
+4 1
cfi=(42)
cfn=(204)
calls=1 322 
* 15
+5 8
2043 3
+7 1
+2 3
+19 1
-19 4
+2 1
+2 12
+5 8
+2 8
+6 4
+2 8
+1 24
cfi=(44)
cfn=(164)
calls=3 149 
* 66424
+4 14
-22 10
+25 1
+2 5
+6 1
-6 1
+6 1
-10 2
cfi=(31)
cfn=(198)
calls=1 890 
* 20
* 1
-12 1
+1 1
-3 2
-85 1
+11 1
-7 1
-4 1
+4 3
+4 2
+3 1
1491 2
cfi=(11)
cfn=(22)
calls=1 66 
* 34
* 8
cfi=(18)
cfn=(46)
calls=1 61 
* 94
* 1
+3 6
+3 3
cfi=(17)
cfn=(80)
calls=1 354 
* 766
* 3
cfi=(17)
cfn=(80)
calls=1 354 
* 6
* 6
+1 2
+1 3
+2 4
cfn=(94) do_preload
calls=1 654 
* 2462
* 2
1635 2
1503 1
+2 6

fn=(94)
654 4
+12 1
-12 2
+10 1
-4 1
+1 1
+5 4
-10 1
+6 1
+4 1
cfi=(32)
cfn=(96)
calls=1 163 
* 2434
+1 3
+10 3
+4 5

fn=(102)
480 1
+2 1
-2 1
+3 8
cfi=(22)
cfn=(104)
calls=1 2167 
* 2358
* 1
+2 2

fn=(150)
513 2
+2 4
cfi=(43)
cfn=(152)
calls=1 380 
* 2977
* 2
+4 2

fn=(98)
648 8

fn=(158)
573 1
+6 1
-6 1
+2 2
+4 1
+10 4
cfi=(17)
cfn=(36)
calls=1 103 
* 38
* 1
+11 1
-5 1
-7 1
+6 1
+2 1
-1 1
+5 1
+2 1
-1 1
+1 10
+2 8
+4 1
+2 1
-2 2
-5 8
+9 3
+3 1
cfi=(31)
cfn=(160)
calls=1 138 
* 71
+7 1
cfi=(31)
cfn=(162)
calls=1 354 
* 439
+1 1
-1 1
+1 1
+6 1
+3 1
-3 1
+3 6
+3 1
+2 1
+1 2

fn=(50)
688 8

fn=(2)
337 9
+18 4
fi=(5)
59 1
fe=(2)
355 1
fi=(3)
45 1
fi=(5)
+14 2
fe=(2)
381 1
fi=(3)
45 1
fe=(2)
378 1
fi=(3)
45 1
+25 2
-3 1
-7 1
+5 1
+3 1
+2 1
-3 1
-3 1
-3 2
-13 26
+23 13
-26 39
+26 1
-26 3
+2 36
+13 20
+1 16
+10 4
-26 12
+33 2
+20 4
+1 4
+1 4
+1 4
+2 4
+5 4
+1 4
+1 4
+6 3
+5 2
+7 3
+1 3
+8 3
+2 3
+3 2
+1 2
fe=(2)
392 2
286 1
399 1
286 1
cfi=(6)
cfn=(10)
calls=1 956 
* 23
+1 2
+1 2
+1 2
+1 2
+8 1
+9 1
-9 3
+9 1
-6 1
-3 1
+9 1
cfi=(7)
cfn=(12)
calls=1 86 
* 89286
* 1
+9 1
+3 4
+4 1
-4 1
+4 1
424 9
fi=(3)
62 4
+3 4
fe=(2)
397 26
fi=(4) /build/glibc-GKVZIf/glibc-2.23/elf/do-rel.h
84 1
+27 1
-28 1
+28 2
+1 2
fi=(5)
517 2
fi=(4)
112 18
fi=(5)
517 18
+1 20
fi=(4)
111 20
fi=(5)
518 10
fi=(4)
111 10
+5 2
+8 1
fi=(5)
312 1
fi=(4)
124 2
+12 1
+1 3
fi=(5)
266 1
fi=(4)
137 1
fi=(5)
294 1
fi=(4)
137 2
fi=(5)
294 1
fi=(4)
136 5
+1 15
fi=(5)
266 5
fi=(4)
137 5
fi=(5)
294 5
fi=(4)
137 10
fi=(5)
294 5
+9 12
+3 6
-3 12
+3 18
+6 36
fi=(3)
68 4
+2 3
fi=(5)
425 12
fi=(4)
124 19
fe=(2)

fl=(53)
fn=(212) call_init.part.0
28 20
+8 4
+3 4
-3 8
+3 12
+5 21
+5 4
+9 12
cob=(3) /lib/x86_64-linux-gnu/libc-2.23.so
cfi=(55) /build/glibc-GKVZIf/glibc-2.23/csu/../csu/init-first.c
cfn=(226) _init
calls=1 -6 
* 176
cob=(2)
cfi=(16)
cfn=(214) 0x0000000004a28530
calls=1 -58 
* 6
* 2
+4 4
+6 2
+2 4
-2 4
+3 10
+1 8
cob=(3)
cfi=(61) /build/glibc-GKVZIf/glibc-2.23/string/../sysdeps/x86_64/cacheinfo.c
cfn=(238) init_cacheinfo
calls=1 482 
* 1159
cob=(4) /usr/lib/valgrind/vgpreload_core-amd64-linux.so
cfi=(54) ???
cfn=(218) 0x0000000000000650
calls=1 -72 
* 17
* 4
cob=(3)
cfi=(63) /build/glibc-GKVZIf/glibc-2.23/elf/dl-altinit.c
cfn=(246) dlinit_alt
calls=1 -39 
* 4
* 3
-1 6
+3 24
-29 3
-5 3

fn=(210)
80 11
+1 1
+1 1
+3 3
+8 2
+1 2
+25 15
+1 12
-90 20
cfn=(212)
calls=3 -2 
* 1448
* 3
+96 8
-96 2
+58 2
+16 1
cfn=(212)
calls=1 -76 
* 76
* 1

fl=(24)
fn=(130)
84 12
+1 3

fn=(68)
84 12
+2 15

fn=(112)
84 8
+1 2

fn=(110)
84 28
+1 3
+1 20

fl=(28)
fn=(76)
24 7
+1 7
+1 7
+1 7
+1 7
+1 7
+1 7
+1 7
+1 6
+1 6
+1 6
+1 6
+1 6
+1 6
+1 6
+1 6
+1 6
+1 4
+4 4
+1 4
+1 4
+1 4
+2 4
+4 2
+1 2
+1 2
+1 2
+1 2
+1 2
+1 2
+1 2
+1 2
+1 2
+1 2
+1 2
+1 2
+1 2
+1 2
+1 2
+1 2
+1 2
+1 2
+1 2
+1 2
+1 2
+1 2
+1 3
+5 1
+1 1
+3 1
+1 1
+1 1
+1 1
+1 1
+1 1
+1 1
+1 1
+1 1
+1 1
+1 1
+1 1
+1 1
+1 1
+1 1
+1 1
+1 1
+1 1
+2 1
+1 1
+2 1
+1 1
+1 1
+1 1
+1 1
+1 1
+1 1
+1 1
+2 1
+1 1
+1 1
+1 1
+1 1
+1 1
+1 1
+1 1
+1 1
+1 1
+3 1
+4 1
+1 1
+1 1
+1 1
+2 1
-9 2
+4 2
+1 2
+1 2
+1 2
+2 2
+4 1
+1 1
+1 1
+1 1
+1 1
+1 1
+1 1
+1 1
+1 1
+1 1
+1 1
+1 1
+1 1
+1 1
+1 1
+1 1
+1 1
+1 1
+1 1
+1 1
+1 1
+1 1
+1 1
+1 1
+1 1
+1 1
+1 1
+1 1
+1 1
+1 1
+1 1
+1 1
+1 1
+1 1
+1 1
+1 1
+1 1
+1 1
+1 1

fl=(36)
fn=(120)
34 3
-1 3
+1 3
+1 18
+4 3

fl=(44)
fn=(164)
149 40
+15 4
-15 8
+15 4
+1 24
+6 8
+6 12
-18 8
+22 8
+7 4
-32 4
+32 4
+44 4
fi=(5)
76 12
fe=(44)
232 8
fi=(5)
76 12
+6 6
+4 9
+14 3
-8 3
+10 3
-2 6
+20 6
+9 3
fe=(44)
258 164
-98 18
fi=(5)
301 24
fe=(44)
-43 3
fi=(4)
58 3
-10 3
-1 6
+11 3
-11 3
+11 3
fe=(44)
258 1
-98 6
fi=(5)
301 8
fe=(44)
-43 1
fi=(4)
58 1
-10 1
-1 2
+11 1
-11 1
+11 1
fe=(44)
258 4
fi=(4)
58 4
-10 4
-1 8
+11 4
-11 4
+11 4
+3 15
fi=(5)
528 30
+4 30
+2 45
+1 15
fi=(4)
61 66
+2 92
+2 26
-4 3
+13 6
+1 5
+1 16
fi=(5)
528 8
+26 8
fi=(4)
75 8
fi=(5)
554 16
cob=(3)
cfi=(52) ???
cfn=(196) memcpy@GLIBC_2.2.5
calls=1 0 
* 18
cob=(3)
cfi=(51) /build/glibc-GKVZIf/glibc-2.23/time/../sysdeps/unix/sysv/linux/x86/gettimeofday.c
cfn=(192) gettimeofday
calls=1 37 
* 66
cob=(3)
cfi=(50) /build/glibc-GKVZIf/glibc-2.23/string/../sysdeps/x86_64/multiarch/strspn.S
cfn=(190) strspn
calls=1 30 
* 6
cob=(3)
cfi=(49) /build/glibc-GKVZIf/glibc-2.23/string/../sysdeps/x86_64/multiarch/strcspn.S
cfn=(188) strpbrk
calls=1 45 
* 6
cob=(3)
cfi=(45) /build/glibc-GKVZIf/glibc-2.23/string/../sysdeps/x86_64/multiarch/strcmp.S
cfn=(186) strncasecmp
calls=1 129 
* 5
cob=(3)
cfi=(49)
cfn=(184) strcspn
calls=1 45 
* 6
cob=(3)
cfi=(46) /build/glibc-GKVZIf/glibc-2.23/time/../sysdeps/unix/sysv/linux/x86/time.c
cfn=(178) time
calls=1 38 
* 66
cob=(3)
cfi=(45)
cfn=(176) strcasecmp
calls=1 109 
* 5
fi=(4)
75 8
fi=(5)
555 8
fi=(4)
75 11
fe=(44)
258 2
fi=(4)
75 14
fe=(44)
258 14
+3 16
+24 4
+3 8
+17 12
+2 32
fi=(4)
84 5
-1 5
+3 10
-3 5
+3 5
+12 15
+10 6
+3 8
fi=(5)
512 2
fi=(4)
112 4
fi=(5)
512 1194
fi=(4)
112 2380
fi=(5)
512 2380
+5 2384
+1 2384
fi=(4)
111 2384
fi=(5)
518 1192
fi=(4)
111 1192
+7 15
+6 4
-3 8
+3 10
fi=(5)
447 9
fi=(4)
127 372
+9 186
+3 93
-3 93
+3 93
fi=(5)
269 93
fi=(4)
138 93
-2 93
+1 372
fi=(5)
269 93
+21 186
+4 186
+7 1774
fi=(4)
137 75
fi=(5)
301 150
fi=(4)
137 75
fi=(5)
301 75
fi=(4)
137 75
fi=(5)
301 150
fi=(4)
137 1
fi=(5)
301 2
fi=(4)
137 1
fi=(5)
301 1
fi=(4)
137 1
fi=(5)
301 1066
cfi=(6)
cfn=(170)
calls=76 806 
* 42438
* 608
+2 237
+3 91
-3 182
+3 273
+6 558
fe=(44)
178 8
fi=(5)
435 234
fi=(4)
124 285
+19 6
fi=(5)
301 57
fi=(4)
108 3
fi=(5)
407 42
+4 70
+14 70
+49 3
+4 7
cfi=(18)
cfn=(46)
calls=1 61 
* 18
+2 4
+1 1
fe=(44)
313 20
+3 4
-3 8
+3 4
+4 8
+1 16
cfi=(38)
cfn=(124)
calls=4 84 
* 20
* 12
fi=(5)
123 15
+6 12
fe=(44)
258 3
fi=(4)
129 8
fi=(5)
301 87
fi=(4)
160 7
+2 20
+8 10
+1 5
-1 5
+1 5
fi=(5)
+98 5
fi=(4)
-99 15
fi=(5)
+99 5
+21 10
+4 10
+7 180
cfi=(6)
cfn=(170)
calls=5 806 
* 2409
* 35
+2 15
+3 1
-3 2
+3 3
+6 30
435 15
fi=(4)
160 17
+14 2
fi=(5)
301 6
fe=(44)

fl=(26)
fn=(72)
33 9
-1 90
+1 23
+1 90
+2 63
-3 20

fl=(10)
fn=(18)
31 7
+8 1
-6 2
+7 1

fl=(12)
fn=(24)
34 4
+8 6
+4 2
+16 5

fl=(13)
fn=(28)
30 3
+3 10
+13 71
-13 213
+2 146
+1 18
+5 2
-3 2
+3 2
+2 2
-12 1
+19 1

fl=(21)
fn=(62)
84 4
+1 1

fl=(65) /build/glibc-GKVZIf/glibc-2.23/elf/../sysdeps/x86_64/dl-trampoline.h
fn=(258) _dl_runtime_resolve_avx
64 1
+3 1
+2 1
+2 1
+3 1
+1 1
+1 1
+1 1
+1 1
+1 1
+1 1
+1 1
+1 1
+1 1
+1 1
+1 1
+1 1
+1 1
+1 1
+5 1
+1 1
+1 1
+1 1
+14 1
+1 1
+1 1
cfi=(66)
cfn=(260)
calls=1 -46 
* 944
+1 1
+5 1
+1 1
+1 1
+1 1
+13 1
+1 1
+1 1
+1 1
+1 1
+1 1
+1 1
+1 1
+1 1
+1 1
+1 1
+1 1
+1 1
+1 1
+1 1
+2 1
+2 1
+4 1
+3 1
cob=(3)
cfi=(67) /build/glibc-GKVZIf/glibc-2.23/csu/../csu/libc-start.c
cfn=(264) (below main)
calls=1 -25 
* 1893397682

fn=(259) _dl_runtime_resolve_avx'2
64 9
+3 9
+2 9
+2 9
+3 9
+1 9
+1 9
+1 9
+1 9
+1 9
+1 9
+1 9
+1 9
+1 9
+1 9
+1 9
+1 9
+1 9
+1 9
+5 9
+1 9
+1 9
+1 9
+14 9
+1 9
+1 9
cfi=(66)
cfn=(260)
calls=9 -46 
* 8151
+1 9
+5 9
+1 9
+1 9
+1 9
+13 9
+1 9
+1 9
+1 9
+1 9
+1 9
+1 9
+1 9
+1 9
+1 9
+1 9
+1 9
+1 9
+1 9
+1 9
+2 9
+2 9
+4 9
+3 9
cob=(3)
cfi=(97) /build/glibc-GKVZIf/glibc-2.23/debug/printf_chk.c
cfn=(440) __printf_chk
calls=1 26 
* 2490
cob=(3)
cfi=(75) /build/glibc-GKVZIf/glibc-2.23/malloc/malloc.c
cfn=(408) free
calls=1 2935 
* 100
cob=(3)
cfi=(94) /build/glibc-GKVZIf/glibc-2.23/ctype/../include/ctype.h
cfn=(402) __ctype_b_loc
calls=1 38 
* 3
cob=(3)
cfi=(93) /build/glibc-GKVZIf/glibc-2.23/string/../sysdeps/x86_64/strlen.S
cfn=(396) strlen
calls=1 -93 
* 16
cob=(3)
cfi=(75)
cfn=(380) realloc
calls=1 2975 
* 244
cob=(3)
cfi=(86) /build/glibc-GKVZIf/glibc-2.23/libio/getc.c
cfn=(346) getc
calls=1 34 
* 419
cob=(3)
cfi=(75)
cfn=(336) calloc
calls=1 3173 
* 254
cfi=(79) /build/glibc-GKVZIf/glibc-2.23/elf/dl-open.c
cfn=(316) _dl_find_dso_for_object
calls=1 +23 
* 32
cob=(3)
cfi=(75)
cfn=(300) malloc
calls=1 2903 
* 59288

fl=(79)
fn=(316)
182 5
+1 4
+1 12
+1 2
+3 2
+4 1
-9 6

fl=(33)
fn=(100)
26 3
+9 3
+1 6
+1 3
+4 3
+1 3
+1 3
+1 3
+1 3
+2 6
+2 3
+1 3
+1 3
+2 6
+2 3
+4 3
+1 3

fl=(34)
fn=(106)
288 240
+1 96
cfi=(19)
cfn=(54)
calls=48 144 
* 2030
* 48
+1 48
-1 48
+3 48
+2 96
+4 49
-4 98
+1 156
cfi=(19)
cfn=(54)
calls=52 144 
* 2293
* 104
-5 3
+11 60
-1 45
+1 180

fn=(142)
45 2
+7 1
-7 3
+7 1
-7 3
+7 1
cfi=(24)
cfn=(110)
calls=1 +32 
* 5
+1 2
+2 5
cfi=(36)
cfn=(120)
calls=1 -21 
* 10
* 2
+2 1
+3 1
-3 1
+3 1
+13 2
cfi=(24)
cfn=(130)
calls=1 +11 
* 5
+3 7
-14 6
cfi=(26)
cfn=(72)
calls=1 -29 
* 33
* 2

fl=(41)
fn=(138)
34 4
-1 4
+1 4
+1 24
+4 1
-4 12

fl=(38)
fn=(124)
84 24
+1 6

fn=(206)
84 4
+1 1

ob=(5)
fl=(95) /home/sunjay/Documents/projects/sudoku/puzzlesolver.c
fn=(426) solveBoard
18 53
+29 53
-29 106
+30 53
-30 265
+30 106
+1 1359
+1 52261
+1 12231
+2 12231
-2 48924
+2 29169
+9 3611
-1 1528
+7 555
-18 370
+18 185
cfi=(74) /home/sunjay/Documents/projects/sudoku/sudoku.c
cfn=(412) placeSudokuValue
calls=185 +45 
* 53268
-18 185
+19 185
-19 202
-2 4077
+24 302
-24 98
-1 196
+16 555
-40 106
cfi=(74)
cfn=(428) isCompleteBoard
calls=53 365 
* 621
* 212
+5 416
132 106
cob=(3)
cfi=(75)
cfn=(300)
calls=53 2903 
* 6020
* 53
+1 53
-1 53
+1 318
-86 106
+93 318
+1 53
-1 106
+1 53
-8 848
-86 848
+93 2544
+1 424
-1 848
+1 424
-1 22896
+1 3816
-1 7632
+1 3816
+6 2912
-2 2912
+2 8630
+2 53
+1 53
-2 106
-9 106
+9 4240
-9 8957
-1 954
+17 106
-64 53
+1 53
+3 53
-2 53
cob=(3)
cfi=(75)
cfn=(408)
calls=53 2935 
* 5300
* 53
+2 697
+3 440
+1 546
+8 296
cfi=(74)
cfn=(430) copySudokuBoard
calls=148 -64 
* 424543
* 296
+3 592
cfi=(74)
cfn=(412)
calls=148 +3 
* 42840
+3 296
cfn=(427) solveBoard'2
calls=148 -95 
* 1887347546
+1 147
-1 147
+1 147
+1 294
cfi=(74)
cfn=(432) freeSudokuBoard
calls=147 -54 
* 208962
+4 294
-6 52
-86 52

fn=(427)
18 159500
+29 159500
-29 319000
+30 159500
-30 797500
+30 319000
+1 4264487
+1 160516281
+1 38380381
+2 38380381
-2 153521524
+2 63556213
+9 28184436
-1 11917704
+7 4349028
-18 2899352
+18 1449676
cfi=(74)
cfn=(412)
calls=1449676 +45 
* 398154790
-18 1449676
+19 1449676
-19 1568705
-2 12793458
+24 947662
-24 314332
-1 628664
+16 4349028
-40 318998
cfi=(74)
cfn=(428)
calls=159499 365 
* 27576938
* 637996
+5 3160
132 318894
cob=(3)
cfi=(75)
cfn=(300)
calls=159447 2903 
* 16659811
* 159447
+1 159447
-1 159447
+1 956682
-86 318894
+93 956682
+1 159447
-1 318894
+1 159447
-8 2551152
-86 2551152
+93 7653456
+1 1275576
-1 2551152
+1 1275576
-1 68881104
+1 11480184
-1 22960368
+1 11480184
+6 3063293
-2 3063293
+2 8870985
+2 159447
+1 159447
-2 318894
-9 318894
+9 12755760
-9 26946543
-1 2870046
+17 318894
-64 159447
+1 159447
+3 159447
-2 159447
cob=(3)
cfi=(75)
cfn=(408)
calls=159447 2935 
* 15944700
* 159447
+2 2868307
+3 2866568
+1 2867270
+8 318704
cfi=(74)
cfn=(430)
calls=159352 -64 
* 410716075
* 318704
+3 637408
cfi=(74)
cfn=(412)
calls=159352 +3 
* 44330446
+3 318704
cfn=(427)
calls=159352 -95 
* 16964628868
+1 159344
-1 159344
+1 159344
+1 318584
cfi=(74)
cfn=(432)
calls=159292 -54 
* 231456533
+4 318688
-6 343
-86 343
+1 159096
+60 159096
-60 1113672

fl=(72) /home/sunjay/Documents/projects/sudoku/solvesudoku.c
fn=(290) main
18 4
+2 2
cfi=(73) /home/sunjay/Documents/projects/sudoku/boardparser.c
cfn=(292) readBoard
calls=1 -9 
* 90372
* 104
cfi=(73)
cfn=(292)
calls=52 -9 
* 1284433
+1 53
-1 53
+1 53
+4 106
cfi=(74)
cfn=(414) isValidBoard
calls=53 321 
* 1105405
* 106
+6 106
cfi=(95)
cfn=(426)
calls=53 -13 
* 1888337599
+2 52
-2 52
+2 52
+5 104
cfi=(96) /home/sunjay/Documents/projects/sudoku/drawboard.c
cfn=(434) drawSudokuBoardSimple
calls=52 +41 
* 2424436
+2 104
+1 104
cfi=(74)
cfn=(432)
calls=52 +20 
* 77793
+2 104
cfi=(74)
cfn=(432)
calls=52 +18 
* 76231
* 52

fl=(74)
fn=(410) setBoardRowValues
170 4293
+2 2862
cfn=(412)
calls=477 -59 
* 36351
* 22896
cfn=(412)
calls=3816 -59 
* 352324
-1 8586
+3 2385

fn=(414)
321 630
+1 105
-1 210
+3 315
cfn=(416) getBoardBox
calls=105 221 
* 65164
* 2520
cfn=(416)
calls=840 221 
* 490895
* 2835
-2 1890
+7 6615
-1 945
+1 945
-1 945
-4 1890
-2 3780
+7 13230
-1 1890
+1 1890
-1 1890
+1 39690
-1 5670
+1 5670
-1 11340
-1 5670
+5 1890
cfn=(418) freeBox
calls=945 -88 
* 392175
+2 1890
cfn=(420) isValid
calls=945 -60 
* 82795
* 2835
+5 2835
cfn=(422) getBoardColumn
calls=945 198 
* 335605
* 945
+2 1890
cfn=(420)
calls=945 -67 
* 82795
+1 945
-1 945
+1 945
cob=(3)
cfi=(75)
cfn=(408)
calls=945 2935 
* 146752
* 945
+2 1890
+5 2835
cfn=(424) getBoardRow
calls=945 181 
* 339227
* 945
+2 1890
cfn=(420)
calls=945 -77 
* 82795
+1 945
-1 945
+1 945
cob=(3)
cfi=(75)
cfn=(408)
calls=945 2935 
* 129789
* 945
+2 1890
-32 2835
+37 840

fn=(428)
365 638208
-1 319104
+8 319104
-7 417892
-1 835784
+8 13373035
-2 9333370
-1 835888
+9 52
cfn=(414)
calls=52 -57 
* 1186122
+1 319000

fn=(418)
244 1890
+2 1890
cob=(3)
cfi=(75)
cfn=(408)
calls=945 2935 
* 94500
* 945
* 1890
cob=(3)
cfi=(75)
cfn=(408)
calls=945 2935 
* 94500
* 945
* 1890
cob=(3)
cfi=(75)
cfn=(408)
calls=945 2935 
* 94500
* 945
+2 945
+1 945
-1 945
cob=(3)
cfi=(75)
cfn=(408)
calls=945 2935 
* 94500
* 945

fn=(420)
274 8505
+2 2835
+1 5670
-1 22680
+1 45360
+3 64896
+3 32448
-8 32448
+8 9291
-8 18582
+10 2835
+1 2835

fn=(294) newSudokuBoard
16 53
+1 53
-1 106
+1 53
cob=(3)
cfi=(75)
cfn=(300)
calls=52 2903 
* 5408
cob=(1)
cfi=(65)
cfn=(259)
calls=1 +47 
* 60178
* 57
+1 53
-1 53
+1 212
+4 159
cob=(3)
cfi=(75)
cfn=(336)
calls=52 3173 
* 34985
cob=(1)
cfi=(65)
cfn=(259)
calls=1 +42 
* 1143
* 57
* 1272
cob=(3)
cfi=(75)
cfn=(336)
calls=424 3173 
* 118946
* 424
+1 477
-1 477
+1 1908
-7 954
+14 954
-1 954
-13 7632
+14 7632
-1 7632
+1 68688
-1 68688
+3 8586
-6 9063
-5 954
+15 265

fn=(412)
113 3227308
-2 1613654
+2 3227308
+2 1613654
-2 1613654
+2 1613654
+5 6442228
+1 1610557
-10 1610557
+10 1610557
+3 1610557
-13 1610557
+13 1610557
-4 3221114
+4 1610557
-4 1610557
-9 1610557
+33 1610557
-23 6442228
+8 43485039
+2 2962942
+1 2962942
+4 5925884
+1 5925884
-1 23064142
+1 23064142
+2 2356215
+1 2356215
+4 30630795
+1 4712430
-1 157804374
+1 24277596
+2 1947835
+1 5843505
-22 3895670
+22 25094356
-22 25094356
+25 6445325

fn=(424)
181 3780
+1 945
-1 945
+1 945
cob=(3)
cfi=(75)
cfn=(300)
calls=945 2903 
* 263627
* 945
+1 4725
+5 4725
-1 1890
+1 37800
-1 15120
+4 3780

fn=(432)
61 957258
+2 478629
cob=(3)
cfi=(75)
cfn=(408)
calls=159543 2935 
* 20764148
* 159543
* 3829032
cob=(3)
cfi=(75)
cfn=(408)
calls=1276344 2935 
* 184571233
* 1276344
-1 2871774
+4 159543
-1 159543
+1 319086
-1 159543
cob=(3)
cfi=(75)
cfn=(408)
calls=159543 2935 
* 15954300
* 159543

fn=(416)
221 3780
+1 945
-1 2835
+1 945
cob=(3)
cfi=(75)
cfn=(300)
calls=945 2903 
* 103627
* 945
+1 945
-1 945
+1 945
+4 1890
+1 945
-1 4725
+1 3780
+2 1890
cob=(3)
cfi=(75)
cfn=(300)
calls=945 2903 
* 108532
* 945
* 3780
cob=(3)
cfi=(75)
cfn=(300)
calls=1890 2903 
* 211600
* 1890
+1 2835
-1 5670
+1 17010
+4 14175
-1 5670
+1 28350
-1 14175
-5 5670
+10 6615

fn=(422)
198 3780
+1 945
-1 945
+1 945
cob=(3)
cfi=(75)
cfn=(300)
calls=945 2903 
* 250555
* 945
+1 5670
+5 5670
-1 1890
+1 45360
-1 15120
+4 3780

fn=(430)
43 478500
+1 159500
-1 159500
+1 159500
cob=(3)
cfi=(75)
cfn=(300)
calls=159500 2903 
* 16647626
* 159500
+1 159500
-1 159500
+1 478500
+5 319000
cob=(3)
cfi=(75)
cfn=(300)
calls=159500 2903 
* 47205161
* 159500
* 2552000
cob=(3)
cfi=(75)
cfn=(300)
calls=1276000 2903 
* 239784831
* 1276000
* 5742000
+2 7177500
-1 2871000
+1 57420000
-1 24403500
-2 3030500
+7 638000

fl=(96)
fn=(434)
79 416
+3 52
fi=(103) /usr/include/x86_64-linux-gnu/bits/stdio2.h
+22 104
fe=(96)
-22 52
fi=(103)
+22 156
cob=(3)
cfi=(97)
cfn=(440)
calls=51 -78 
* 26571
cob=(1)
cfi=(65)
cfn=(259)
calls=1 -40 
* 3469
* 56
fe=(96)
-25 832
+3 416
fi=(103)
+22 832
fe=(96)
-22 416
fi=(103)
+22 1248
cob=(3)
cfi=(97)
cfn=(440)
calls=416 -78 
* 216736
* 416
fe=(96)
-22 3744
fi=(103)
+22 7488
fe=(96)
-22 3744
fi=(103)
+22 11232
cob=(3)
cfi=(97)
cfn=(440)
calls=3744 -78 
* 1950624
* 3744
fe=(96)
-23 8424
fi=(103)
+23 2340
cob=(3)
cfi=(97)
cfn=(440)
calls=468 -78 
* 179712
* 468
fe=(96)
-24 936
+6 208

fl=(85) /home/sunjay/Documents/projects/sudoku/inputhandler.c
fn=(340) getline
9 954
+3 477
-3 954
+6 477
-6 954
+3 954
cob=(3)
cfi=(75)
cfn=(300)
calls=477 2903 
* 59406
* 477
* 5724
+15 9540
+1 9540
-11 9540
cob=(3)
cfi=(86)
cfn=(346)
calls=4769 +17 
* 171794
cob=(1)
cfi=(65)
cfn=(259)
calls=1 +47 
* 1317
* 4774
+1 4770
-1 4770
+1 4770
+4 9540
+12 1431
-1 954
+1 954
-1 477
cob=(3)
cfi=(75)
cfn=(380)
calls=476 2975 
* 101846
cob=(1)
cfi=(65)
cfn=(259)
calls=1 +31 
* 1180
* 481

fl=(73)
fn=(292)
11 53
+1 53
-1 159
+3 53
-3 212
+1 53
cfi=(74)
cfn=(294)
calls=53 +4 
* 408076
* 53
+5 159
cfi=(85)
cfn=(340)
calls=53 -8 
* 46507
* 1272
cfi=(85)
cfn=(340)
calls=424 -8 
* 361548
+1 477
-1 477
+1 477
+5 954
cob=(3)
cfi=(93)
cfn=(396)
calls=476 +43 
* 7696
cob=(1)
cfi=(65)
cfn=(259)
calls=1 +41 
* 947
* 481
* 1431
+1 477
+1 1431
cob=(3)
cfi=(94)
cfn=(402)
calls=476 +13 
* 1428
cob=(1)
cfi=(65)
cfn=(259)
calls=1 +39 
* 1029
* 481
* 1908
+8 4293
-10 8586
+10 4293
-10 8586
+1 4293
+1 8586
+3 12879
+20 424
-12 954
cob=(3)
cfi=(75)
cfn=(408)
calls=476 2935 
* 47600
cob=(1)
cfi=(65)
cfn=(259)
calls=1 +28 
* 994
* 481
+1 954
+5 2385
cfi=(74)
cfn=(410)
calls=477 170 
* 429697
+1 954
-1 424
+4 424
+1 106

fl=(64)
fn=(250)
0 11
cob=(1)
cfi=(65)
cfn=(258)
calls=1 64 
0 1893398676
0 5

fn=(276) 0x0000000000400850
0 16

fn=(270) __libc_csu_init
0 15
cob=(2)
cfi=(16)
cfn=(272) 0x0000000000400600
calls=1 0 
0 6
0 8
cfn=(276)
calls=1 0 
0 16
0 11

ob=(3)
fl=(67)
fn=(264)
134 7
+4 1
-4 3
+4 3
+82 1
-82 1
+82 1
+1 4
cfi=(68) /build/glibc-GKVZIf/glibc-2.23/stdlib/cxa_atexit.c
cfn=(266) __cxa_atexit
calls=1 57 
* 60
+22 4
+3 2
+1 5
cob=(5)
cfi=(64)
cfn=(270)
calls=1 0 
* 56
+4 4
+15 2
+12 2
cfi=(69) /build/glibc-GKVZIf/glibc-2.23/setjmp/../sysdeps/x86_64/bsd-_setjmp.S
cfn=(284) _setjmp
calls=1 30 
* 30
+1 2
+5 2
+1 2
+3 2
+3 6
cob=(5)
cfi=(72)
cfn=(290)
calls=1 18 
* 1893397480
138 2

fl=(100) /build/glibc-GKVZIf/glibc-2.23/stdio-common/_itoa.c
fn=(448) _itoa_word
168 16848
+2 8424
+9 58968
+9 8424

fl=(89) /build/glibc-GKVZIf/glibc-2.23/libio/filedoalloc.c
fn=(356) _IO_file_doallocate
95 10
+15 12
cfi=(88) /build/glibc-GKVZIf/glibc-2.23/libio/fileops.c
cfn=(358) _IO_file_stat
calls=2 1229 
* 28
* 4
+2 8
+11 6
+4 4
cob=(2)
cfi=(16)
cfn=(362) 0x0000000004c498a0
calls=2 0 
* 1938
* 2
+2 2
-1 4
+2 8
cfi=(87) /build/glibc-GKVZIf/glibc-2.23/libio/genops.c
cfn=(364) _IO_setb
calls=2 380 
* 36
+1 2
+1 10
-15 1
-2 9
+5 2

fl=(81) /build/glibc-GKVZIf/glibc-2.23/malloc/morecore.c
fn=(326) __default_morecore
46 2
+1 2
cfi=(82) /build/glibc-GKVZIf/glibc-2.23/misc/sbrk.c
cfn=(328) sbrk
calls=2 -13 
* 73
+1 6
+4 4

fl=(52)
fn=(196)
0 18

fl=(49)
fn=(188)
45 1
+1 1
+1 1
+1 1
+1 1
+1 1

fn=(184)
45 1
+1 1
+1 1
+1 1
+1 1
+1 1

fl=(77) /build/glibc-GKVZIf/glibc-2.23/malloc/arena.c
fn=(306) ptmalloc_init.part.7
383 6
+13 1
-8 1
+8 1
+6 2
+1 2
-1 1
+1 10
cfi=(80) /build/glibc-GKVZIf/glibc-2.23/nptl/register-atfork.c
cfn=(318) __linkin_atfork
calls=1 115 
* 9
+2 5
+16 2
-57 73
-18 222
+2 146
+1 10
+1 2
466 2
+6 2
+1 2
+2 1
+1 7
-79 5
cfi=(78) /build/glibc-GKVZIf/glibc-2.23/elf/dl-addr.c
cfn=(308) _dl_addr
calls=1 126 
* 57669
* 2
+1 4

fl=(63)
fn=(246)
33 3
+1 1

fl=(69)
fn=(284)
30 1
+2 1
cfi=(70) /build/glibc-GKVZIf/glibc-2.23/setjmp/../sysdeps/x86_64/setjmp.S
cfn=(286) __sigsetjmp
calls=1 -6 
* 28

fl=(46)
fn=(178)
38 1
-1 1
+1 6
fi=(47) /build/glibc-GKVZIf/glibc-2.23/time/../sysdeps/generic/dl-hash.h
+10 3
+14 4
-17 3
+3 9
+14 12
-17 9
fe=(46)
-7 3
+3 2
-3 1
+3 1
cfi=(48) /build/glibc-GKVZIf/glibc-2.23/elf/../sysdeps/unix/sysv/linux/dl-vdso.c
cfn=(182) _dl_vdso_vsym
calls=1 -14 
* 6
+1 3
+1 2

fl=(48)
fn=(182)
27 8
+4 8
-3 8

fl=(51)
fn=(192)
37 1
-1 1
+1 6
fi=(47)
+11 3
+14 4
-17 3
+3 9
+14 12
-17 9
fe=(51)
-8 3
+3 2
-3 1
+3 1
cfi=(48)
cfn=(182)
calls=1 -13 
* 6
+1 3
+1 2

fl=(98) /build/glibc-GKVZIf/glibc-2.23/stdio-common/vfprintf.c
fn=(442) vfprintf
1236 37440
+31 14040
+8 14041
+4 23400
+11 23400
+11 4680
fi=(105) /build/glibc-GKVZIf/glibc-2.23/stdio-common/printf-parse.h
108 14040
fe=(98)
1316 4680
-15 23400
fi=(105)
108 4680
cfi=(99) /build/glibc-GKVZIf/glibc-2.23/string/../sysdeps/x86_64/strchr.S
cfn=(444) strchrnul
calls=4680 -84 
* 93600
fe=(98)
1316 4680
fi=(105)
108 4680
fe=(98)
1312 4680
+4 9360
+4 37440
cfi=(88)
cfn=(446) _IO_file_xsputn@@GLIBC_2.2.5
calls=4680 -33 
* 115596
* 18720
1685 23400
+1 9360
+2 4680
+1 37440
1275 9358
+41 28080
+1 28080
+3 9360
+4 4680
-4 4680
+4 9360
+4 50544
1552 8424
-21 8424
1632 8424
-1 8424
1370 63180
-7 4212
-1 4212
-3 4212
-1 4212
+8 4212
+4 4212
-3 4212
-10 4212
-1 4212
-1 4212
-1 4212
-1 4212
+14 4212
-15 4212
-1 4212
-1 4212
-1 4212
+18 8424
1649 4212
+2 8424
+8 4212
fi=(105)
108 8424
fe=(98)
1659 4212
fi=(105)
108 4212
fe=(98)
1659 4212
fi=(105)
108 8424
cfi=(99)
cfn=(444)
calls=4212 -84 
* 84240
fe=(98)
1663 4212
-4 4212
+4 46332
cfi=(88)
cfn=(446)
calls=4212 1287 
* 16848
* 54756
+2 12636
-34 248508
cfi=(88)
cfn=(446)
calls=4212 1287 
* 305234
* 42120
+1 8424
-1 50544
cfi=(100)
cfn=(448)
calls=4212 168 
* 92664
* 206388

fl=(102) /build/glibc-GKVZIf/glibc-2.23/string/../sysdeps/x86_64/memcpy.S
fn=(458) __GI_mempcpy
61 4679
+4 4679
+3 4679
+1 4679
+2 4679
+1 4679
+2 4679
+1 4679
+5 4679
+1 4679
+11 4679
+1 4679
+11 4679
+1 4679
+11 4679
+1 4679
+21 4679
+4 4679

fl=(59) /build/glibc-GKVZIf/glibc-2.23/string/../sysdeps/x86_64/strrchr.S
fn=(234) rindex
24 1
+1 1
+1 1
+1 1
+1 1
+1 1
+1 1
+1 1
+1 1
+1 1
+1 1
+1 1
+1 1
+1 1
+1 1
+1 1
+1 1
+1 1
+1 1
+1 1
+1 1
+1 1
+1 1
+1 1

fl=(50)
fn=(190)
30 1
+1 1
+1 1
+1 1
+1 1
+1 1

fl=(55)
fn=(226)
52 8
+6 3
+14 1
fi=(57) /build/glibc-GKVZIf/glibc-2.23/csu/../sysdeps/unix/sysv/linux/x86_64/init-first.c
-36 1
fe=(55)
+34 1
+1 1
fi=(57)
-35 3
fe=(55)
+36 1
fi=(57)
-36 3
fi=(56) /build/glibc-GKVZIf/glibc-2.23/csu/../sysdeps/generic/dl-hash.h
+12 3
+14 4
-17 3
+3 9
+14 12
-17 9
fi=(57)
-9 3
+2 2
-2 1
+2 2
cfi=(48)
cfn=(182)
calls=1 -11 
* 6
+1 2
+5 2
-3 2
+1 1
+2 1
cfi=(48)
cfn=(182)
calls=1 -17 
* 6
fe=(55)
+42 3
fi=(57)
-41 2
+1 1
fe=(55)
+40 1
cfi=(58) /build/glibc-GKVZIf/glibc-2.23/misc/init-misc.c
cfn=(232) __init_misc
calls=1 -55 
* 48
+8 1
cfi=(60) /build/glibc-GKVZIf/glibc-2.23/ctype/ctype-info.c
cfn=(236) __ctype_init
calls=1 -63 
* 16
+5 6
-34 1
-7 1
+7 4
fi=(57)
-25 2
fe=(55)

fl=(94)
fn=(402)
38 954
+1 477

fl=(84) /build/glibc-GKVZIf/glibc-2.23/string/../sysdeps/x86_64/multiarch/../memset.S
fn=(338) __GI_memset
53 477
+1 477
+1 477
+1 477
+1 477
+2 477
+1 477
+17 477
+1 477
+1 477
+1 477
+1 477
+1 477
+1 477
+1 477
+1 477
+1 477
+1 477
+1 477
+1 477
+1 954
+3 477
+1 477
+1 477
+1 477
+1 477
+1 477
+1 477
-6 118
+1 118
+1 118
+1 118
+1 118
+1 118
+1 118
+1 477

fl=(99)
fn=(444)
24 8892
+1 8892
+1 8892
+1 8892
+1 8892
+1 8892
+1 8892
+1 8892
+1 8892
+1 8892
+1 8892
+1 8892
+1 8892
+1 8892
+1 8892
+1 8892
+1 8892
+1 8892
+2 8892
+7 8892

fl=(70)
fn=(286)
26 1
+9 1
+1 2
+1 1
+4 1
+1 1
+1 1
+1 1
+1 1
+2 2
+2 1
+1 1
+1 1
+2 2
+2 1
+9 1
cfi=(71) /build/glibc-GKVZIf/glibc-2.23/setjmp/sigjmp.c
cfn=(288) __sigjmp_save
calls=1 -36 
* 9

fl=(88)
fn=(368) _IO_file_read
1216 8
cfi=(91) /build/glibc-GKVZIf/glibc-2.23/io/../sysdeps/unix/syscall-template.S
cfn=(370) read
calls=2 84 
* 14

fn=(450) _IO_file_overflow@@GLIBC_2.2.5
808 1410
+7 470
-8 2350
+8 2346
+35 940
+3 2
+3 3
+1 3
+1 4
+4 1
+1 4
-45 2
+12 2
+9 4
+8 1
-4 1
+3 2
-2 2
-3 1
+1 2
+5 1
-1 1
+1 3
+1 2
+3 938
+12 1407
-12 469
cfn=(452) _IO_do_write@@GLIBC_2.2.5
calls=469 494 
* 43996
-31 2
cfi=(87)
cfn=(354) _IO_doallocbuf
calls=1 395 
* 1855
+1 6

fn=(446)
1287 13104
-1 26208
-6 46800
+13 18720
+17 4
+4 4679
+5 18716
cfi=(102)
cfn=(458)
calls=4679 61 
* 84222
* 4679
+6 4679
-1 4679
+1 9358
+2 9358
+27 9360
+1 45864
-24 5
cfn=(450)
calls=1 808 
* 1909
* 2
+6 938
+1 1407
+2 1407
+11 938
+1 4
cfi=(87)
cfn=(454) _IO_default_xsputn
calls=1 425 
* 75
* 2
-57 14037
+1 9358
+3 14037
+2 14505
-2 16844
+39 1876
-35 468
+11 2340
+17 1872
cfn=(450)
calls=468 808 
* 54288
* 936

fn=(452)
494 1407
+1 1
-3 3744
+11 936
+7 1872
+8 2340
cfn=(462) _IO_file_write@@GLIBC_2.2.5
calls=468 1258 
* 20592
* 468
+1 2340
+6 468
-4 468
+4 468
-4 1404
+1 936
+3 468
-2 468
-29 1872
+1 2808
+29 936

fn=(352) _IO_file_underflow@@GLIBC_2.2.5
539 6
+6 6
-14 8
+17 4
+13 4
+20 4
cfi=(87)
cfn=(366) _IO_switch_to_get_mode
calls=2 176 
* 40
+6 2
+5 8
-5 4
+1 2
+2 2
-1 4
+3 2
cfn=(368)
calls=2 1216 
* 22
+2 4
+16 2
-9 2
+9 4
+2 4
+1 8
-62 3
+5 2
cfi=(87)
cfn=(354)
calls=1 395 
* 267
* 2

fn=(358)
1229 2
+1 6
cfi=(90) /build/glibc-GKVZIf/glibc-2.23/io/../sysdeps/unix/sysv/linux/wordsize-64/fxstat.c
cfn=(360) _fxstat
calls=2 34 
* 20

fn=(462)
1258 468
-2 2808
+2 1872
+4 936
+1 936
+10 1404
+3 2808
-13 1872
cfi=(91)
cfn=(464) write
calls=468 84 
* 3276
+1 936
+5 468
+1 468
-12 2340

fl=(80)
fn=(318)
115 2
+1 6
+2 1

fl=(71)
fn=(288)
28 1
+1 1
-1 2
+1 2
+5 3

fl=(78)
fn=(308)
126 9
+5 1
-5 2
+5 2
cob=(1)
cfi=(2)
cfn=(50)
calls=1 688 
* 2
+2 2
cob=(1)
cfi=(65)
cfn=(259)
calls=1 -69 
* 1190
* 5
+2 2
30 1
+1 1
-1 1
+1 1
+3 2
+5 1
+6 1
-7 1
+2 2
+2 1
-2 1
+2 1
+3 1
+5 8
+2 1
+1 2
-1 1010
+1 2020
+2 3628
+9 2010
+7 24
-2 24
+2 2259
-2 2211
+2 5750
-10 11175
+2 8940
+1 14318
+7 1011
-21 2022
+49 3
+1 1
+1 3
+3 2
+37 2
cob=(1)
cfi=(2)
cfn=(52)
calls=1 694 
* 2
+3 9
-28 1
+1 1
+21 2

fl=(87)
fn=(364)
380 6
+1 8
+3 2
+2 8
-3 2
+3 4
+3 6

fn=(350) _IO_default_uflow
413 2
-1 4
+1 2
cfi=(88)
cfn=(352)
calls=2 539 
* 416
+1 4
+2 8
+1 4

fn=(354)
395 4
-1 6
+3 8
+1 6
cfi=(89)
cfn=(356)
calls=2 95 
* 2086
* 4
+3 8

fn=(454)
425 2
-3 10
+8 8
+25 9
cfi=(88)
cfn=(450)
calls=1 808 
* 33
* 2
+2 1
-2 2
+4 1
+1 1
-1 1
+1 5

fn=(348) __uflow
348 2
+2 7
+6 12
+3 4
+2 4
+6 4
+7 4
+1 2
-1 4
cfn=(350)
calls=2 +39 
* 440
-24 2
+22 6

fn=(366)
176 4
-1 4
+1 2
+3 6
+5 2
-1 4
+1 2
+7 2
-4 2
+2 4
+2 2
+1 2
+1 4

fl=(58)
fn=(232)
31 2
-1 3
+1 4
+2 3
cfi=(59)
cfn=(234)
calls=1 -9 
* 24
+4 5
+1 3
+2 4

fl=(61)
fn=(238)
482 2
+12 1
-12 3
+12 3
+2 4
cfn=(240) handle_intel
calls=1 262 
* 454
+4 2
-4 1
+4 1
cfn=(240)
calls=1 262 
* 546
+2 1
-2 1
-1 1
+3 1
+9 2
+2 1
+1 1
+2 1
+5 2
+9 4
-9 4
+9 16
-9 12
+6 8
+69 4
+1 5
+55 2
+2 1
+1 1
+2 1
-3 1
+5 1
-5 1
+4 3
+4 2
+2 1
+1 1
+2 1
-3 1
+5 1
-5 1
+4 2
+3 1
-3 1
+3 5
532 1
+32 1
-26 6
+7 5
+2 1
+1 1
+1 2
-4 4
+2 1
+1 1
+1 6
+2 2
-6 2
+6 2
+5 1
+2 2
+1 1
-1 1
+1 3
+6 1
-1 1
+1 5

fn=(242) intel_check_word
133 8
+6 4
-7 20
+7 16
-7 4
+7 4
+2 4
-2 4
+2 4
+68 8
+3 24
-69 4
+2 8
-2 6
+2 12
+8 20
+51 16
+22 8
fi=(62) /build/glibc-GKVZIf/glibc-2.23/string/../bits/stdlib-bsearch.h
27 8
+1 16
+3 16
+1 8
fe=(61)
+89 16
fi=(62)
-90 12
+1 6
fe=(61)
+89 12
+3 54
fi=(62)
-95 46
+2 46
-2 46
+2 80
+1 40
fe=(61)
+89 80
251 8
141 16
-6 2
256 24
fi=(62)
37 8
-8 18
fe=(61)
165 6
+3 6
+4 4
+2 4
+1 14
+2 7
-12 2
+12 2
+1 10
+1 10
+1 6
+17 3
-32 9
+3 9
+4 6
+2 6
+1 12
+2 12
+5 2
+2 4
+2 32

fn=(240)
262 4
-1 4
+17 2
-17 12
+14 2
+1 4
-3 6
+23 8
cfn=(242)
calls=2 133 
* 664
+1 4
+3 10
cfn=(242)
calls=2 133 
* 238
+1 4
-17 4
+5 2
-5 6
+5 2
+2 2
+1 2
-1 4
+27 16

fl=(45)
fn=(186)
129 1
+1 1
+1 1
+1 1
+10 1

fn=(176)
109 1
+1 1
+1 1
+1 1
+10 1

fl=(68)
fn=(266)
57 5
-22 1
+22 1
-22 1
cfn=(268) __new_exitfn
calls=1 +38 
* 38
+2 2
+4 1
+3 1
+1 1
-4 2
+2 1
+4 1
+1 1
+11 4

fn=(268)
73 2
+6 1
-6 1
+6 1
-6 1
+6 4
+2 6
+2 3
-2 1
+10 2
-10 2
+45 1
+1 1
+3 4
+3 5
-21 1
+1 2

fl=(86)
fn=(346)
34 4770
+3 4770
-3 4770
+3 66780
+1 28614
fi=(92) /build/glibc-GKVZIf/glibc-2.23/libio/libioP.h
866 9540
+1 38160
fe=(86)
41 14310
-3 4
cfi=(87)
cfn=(348)
calls=2 348 
* 491
* 4

fl=(91)
fn=(464)
84 936
cfn=(466) __write_nocancel
calls=468 * 
* 2340

fn=(370)
84 4
cfn=(372) __read_nocancel
calls=2 * 
* 10

fn=(466)
84 2340

fn=(372)
84 10

fl=(75)
fn=(388) _int_realloc
4227 4293
+21 1431
+1 1431
+11 1431
+2 477
+1 1431
+2 2862
+6 954
+99 954
+2 954
+17 477
+1 3816
-10 954
-1 477
+1 954
+1 954
+4 477
-4 477
+4 477
-4 954
+3 477
+1 477
cfn=(390) _int_free
calls=477 3842 
* 35756
* 477
-5 954

fn=(336)
3173 477
+15 477
-15 1431
+10 477
+5 954
-15 477
+10 477
+5 954
+8 954
+1 954
+12 3339
+6 477
+8 477
-7 954
+7 954
+14 1431
cfn=(320) _int_malloc
calls=477 3350 
* 99917
+3 477
-3 477
+3 4293
+10 954
+1 1908
+3 954
+6 1431
-51 2862
+62 477
-3 477
+3 2403
+11 9
+1 18
+1 18
-2 468
+1 936
+1 936
+2 954
+1 954
+25 2385
-25 477
cfi=(84)
cfn=(338)
calls=477 53 
* 15136

fn=(380)
2975 4293
+7 954
+1 954
+4 952
+7 952
+6 476
-2 476
+2 476
+2 476
-2 476
+2 952
+17 3808
+2 952
+44 4293
-60 952
+39 2856
+2 2380
cfn=(388)
calls=476 4227 
* 64242
* 476
+2 1904
+1 4760
-38 1904
+1 952
-7 952
-21 2
cfi=(76) /build/glibc-GKVZIf/glibc-2.23/malloc/hooks.c
cfn=(382) realloc_hook_ini
calls=1 37 
* 218
* 2

fn=(324) sysmalloc
2269 8
+20 1
+11 1
-11 1
+11 1
+1 5
fi=(77)
622 3
fe=(75)
2316 5
+65 1
+1 3
+10 1
-9 1
+9 5
+6 4
+3 3
2724 2
+1 1
+8 4
+5 1
-3 1
+3 1
-2 1
+2 3
+1 1
-1 1
-1 1
+4 1
-3 2
+1 1
+8 9
2464 1
-8 4
+8 1
+21 5
cfi=(81)
cfn=(326)
calls=1 46 
* 62
* 1
+1 1
+3 4
+3 2
+1 2
+20 2
+26 2
+2 2
+6 1
-6 1
+6 1
2322 1
2465 1
+10 5
+8 1
-8 1
+8 1
+67 7
+37 2
+6 3
+19 1
+3 2
+1 5
+2 1
-2 1
+2 1
+1 3
cfi=(81)
cfn=(326)
calls=1 46 
* 25
+12 2
+8 1
+1 1
-1 2
+1 2
+39 1
+1 1
-2 1
+1 3
+12 1
-12 1
+1 1
+11 1
2540 5

fn=(408)
2935 8805385
+5 3522154
+1 3522154
+6 3522154
+5 1761077
-2 1761077
+2 3522154
+16 5283231
+1 3522154
cfn=(390)
calls=1761077 3842 
* 192153920
+1 10566462

fn=(300)
2903 5282106
+5 3521404
+1 3521404
+3 14085608
+2 5282103
cfn=(320)
calls=1760701 3350 
* 240315894
+3 1760701
-3 1760701
+3 1760701
+8 7042804
+2 19367711
+3 7042804
-18 10564206
-2 1
+20 3
-20 1
cfi=(76)
cfn=(302) malloc_hook_ini
calls=1 29 
* 59276

fn=(320)
3350 5283537
-30 3522358
+30 1761179
-30 7044716
+30 5283537
-30 1761179
+30 5283537
+4 5283537
+14 3522358
+2 969927
+2 323309
-1 323309
-1 323309
+1 323309
+5 646618
+3 1570685
+1 314137
-1 314137
+1 628274
+25 2894084
+2 4341120
+1 4341120
+2 1447040
-2 1447040
+2 2894080
+2 16368
+4 8183
+1 16366
+5 8183
+1 8183
+1 8183
+2 24549
+23 14
+1 4
+1 4
cfn=(322) malloc_consolidate
calls=2 4145 
* 1925
3820 20144026
-2 1438859
+2 1438859
-2 1438859
+2 2877718
5003 1438859
3818 1438859
+2 1438859
5005 1438859
3820 1438859
5005 1438859
3820 4316577
5005 2877718
3820 5755436
5003 2877718
3470 2877718
+66 178268
+1 267402
+1 89134
-1 178268
+51 445670
+7 89134
-6 89134
+1 89134
+1 89134
+1 89134
+3 89134
-58 151302
+51 756510
+7 151302
-6 151302
+1 151302
+1 151302
+1 151302
+3 151302
3470 5037885
+3 1397182
-1 1397182
+1 2794364
+1 2794364
+3 1397182
+10 5588722
+34 364538
-5 364538
+1 364538
+4 364538
+13 480872
+8 893864
+1 577312
+1 144328
+3 288656
-4 27896
+1 6974
+3 13948
+5 43091
-2 43091
+2 129273
+1 86182
+6 2431
-1 2431
+1 2431
+1 7293
3383 1570685
1880 537563
3771 537563
1880 1075126
3834 15850611
3542 48602
+22 121980
+3 20
+1 60
-3 81360
+6 40660
+6 9
-1 9
+3 9
-2 9
+1 9
+1 18
+2 81320
-39 504
-54 2522458
+1 4546763
+5 1032644
-1 1032644
+5 1032644
-3 2065288
+1 1032644
+1 2065288
+1 1032644
+2 356194
+1 356194
+3 2849552
+2 1068582
+1 356194
+3 356194
1880 1068582
3504 5411600
+2 2029350
+1 676450
+3 676450
1880 2029350
3585 432844
-12 81302
+31 564226
+73 564226
+1 564226
+1 564226
+1 564226
+1 564226
+5 752532
+16 2961850
+2 5923700
-4 6570474
+8 323387
+3 646774
+2 108144
+2 108144
-1 108144
-1 324432
-27 108144
+27 108144
-27 108144
+4 894765
+3 1192560
-3 577425
+3 764324
-3 134634
+3 200577
3793 66870
+3 66870
-2 133740
+2 133740
+17 2
3524 124102
-1 124102
+1 248204
1880 124102
3527 124102
1880 248204
3606 6
+3 2
-3 2
+3 6
3449 3
1880 4
3449 229429
3693 688287
+2 458858
+1 458858
-1 3912
+1 3912
-3 5868
+27 645729
+3 430486
+5 215243
-3 215243
+3 215243
-3 215243
+3 2390847
+3 430486
+3 70
-1 70
+1 210
+12 215173
+1 430346
-6 215173
+17 215173
-6 215173
+1 215173
+1 215173
+1 215173
+3 215173
+1 215172
+1 430346
+2 128172
+1 128172
+2 1025376
+2 384516
+1 256344
-3 696008
+2 261003
+1 174002
+60 3
cfn=(324)
calls=1 2269 
* 249
+1 2
-28 66869
-3 66869
+1 66869
+2 66869
-1 66869
+1 133738
+2 66869
-2 267476
+2 66869
+3 66869
1880 200607
3728 1326984

fn=(390)
3842 15853986
+13 1761554
-13 1761554
+13 3523108
+6 7046216
+1 3523108
+11 7046216
+13 3523108
+11 1295108
+1 971331
1887 323777
3922 323777
1887 647554
3924 971331
+1 647554
+4 323777
-4 323777
+1 323777
+9 2266439
+9 1295108
+1 1374
+1 458
+2 1374
-2 323319
+2 1941288
4106 14092432
3961 2875554
+1 4313331
+15 2875554
+8 4313331
+6 2875554
+1 2875554
+1 2875554
1887 4313331
4002 2875554
+1 1150590
+2 1150590
-1 1150590
+2 11809186
+3 2875554
+5 2858718
+1 1546490
+1 154649
+11 154649
-1 154649
+2 309298
-1 1274710
-1 1274710
+2 2549420
+7 1429359
-2 1429359
+1 1429359
+1 1429359
+2 279614
+1 279614
+2 279614
+1 279614
+2 838842
+1 279614
+30 559228
-34 1149745
+1 1149745
+2 3449235
+1 1149745
+30 2316326
+1 16836
+3 25254
3963 7188885
+8 1437777
-4 1437777
+4 4313331
-7 2875554
4094 4313331
+1 4313331
+1 7188885
3950 1294192
+68 2549420
-3 204069
+61 16698
cfn=(322)
calls=8349 +69 
* 1276602
* 8349
-21 8418
+1 25254
+1 16836
-80 7188885
4080 42090
-74 5

fn=(322)
4145 16702
-22 66800
+23 25050
+12 8350
5003 8350
4148 8350
+11 8350
-1 8350
5005 8350
-2 8350
+2 41750
4161 16700
+1 16700
-1 150300
+1 175674
+21 594
+1 6167
+4 56
+4 56
-3 56
+1 56
+2 56
-4 9417
+4 9417
-3 9417
+1 9417
+2 9417
+1 91
+1 91
+3 91
+1 91
+1 91
-2 91
+12 91
-12 91
+3 182
+9 91
-12 9382
+1 9382
+1 9382
-2 9382
+12 9382
-12 9382
+3 18764
+9 9382
-41 9632
-3 9632
+3 19264
+1 9632
+1 19264
+2 19264
+1 637
+2 637
-1 637
+2 6700
+3 19264
+3 18946
+4 17758
+19 318
+4 159
-4 159
+1 318
+3 324
+3 220
-3 16806
+3 333780
+6 66800
-42 24
+8 12
4997 4
1809 3
-3 2
+3 378
-3 252
+7 3
+5 1
+2 1
-2 2
-1 3

fl=(82)
fn=(328)
34 2
+8 2
-8 6
+8 9
+4 4
+4 6
+12 5
-19 2
cfi=(83) /build/glibc-GKVZIf/glibc-2.23/misc/../sysdeps/unix/sysv/linux/x86_64/brk.c
cfn=(330) brk
calls=1 -12 
* 12
* 4
+15 2
cfi=(83)
cfn=(330)
calls=1 -27 
* 12
* 2
+4 5

fl=(93)
fn=(396)
66 477
+1 477
+1 477
+1 477
+1 477
+1 477
+1 477
+2 477
+2 477
+30 472
+1 472
+1 472
+1 472
+1 472
+1 472
+1 472
+24 5
+1 70
+1 40

fl=(83)
fn=(330)
31 16
+8 2
-6 4
+7 2

fl=(60)
fn=(236)
31 5
+2 1
+2 1
-4 1
+4 1
-4 1
+2 3
+2 3

fl=(90)
fn=(360)
34 2
-1 2
+1 2
+1 12
+4 2

fl=(76)
fn=(382)
37 9
+1 1
+1 1
-1 1
fi=(77)
385 1
fe=(76)
39 1
fi=(77)
385 3
fi=(75)
2983 2
+4 2
+7 2
+6 1
-2 1
+2 1
+2 1
-2 1
+2 2
+17 8
+2 2
fe=(76)
42 9
fi=(75)
3005 2
+39 6
+2 5
cfn=(388)
calls=1 4227 
* 134
* 1
+2 4
+1 10
-38 4
+1 1
-7 1
+7 1
fe=(76)

fn=(302)
29 4
fi=(77)
385 1
fe=(76)
30 1
fi=(77)
385 1
fe=(76)
30 1
fi=(77)
385 1
fi=(75)
2912 7
+2 3
cfn=(320)
calls=1 3350 
* 1038
+3 1
-3 1
+3 1
+8 4
+2 11
fe=(76)
33 4
fi=(75)
2912 6
+12 1
cfi=(77)
cfn=(306)
calls=1 383 
* 58187
* 1
-15 2
fe=(76)

fl=(97)
fn=(440)
26 56160
+4 79560
+1 9360
+1 9360
+2 4680
+1 14040
-1 23400
+1 4680
cfi=(98)
cfn=(442)
calls=4680 1236 
* 2071933
+3 4680
-3 4680
+3 4680
+1 9360
fi=(101) /build/glibc-GKVZIf/glibc-2.23/debug/../libio/libioP.h
875 4680
+1 9360
+1 37440
fe=(97)
43 28080

ob=(2)
fl=(16)
fn=(214)
0 6

fn=(362)
0 2
cob=(3)
cfi=(75)
cfn=(300)
calls=2 2903 
0 1936

fn=(272)
0 6

fn=(84)
0 1
cob=(1)
cfi=(17)
cfn=(86)
calls=1 120 
0 6

ob=(4)
fl=(54)
fn=(218)
0 17

totals: 1893490253
