version: 1
creator: callgrind-3.11.0
pid: 21571
cmd:  ./solvesudoku
part: 1


desc: I1 cache: 
desc: D1 cache: 
desc: LL cache: 

desc: Timerange: Basic block 0 - 11043581335
desc: Trigger: Program termination

positions: line
events: Ir
summary: 56150011487


ob=(2) ???
fl=(16) ???
fn=(84) 0x0000000004000ab0
0 1
cob=(1) /lib/x86_64-linux-gnu/ld-2.23.so
cfi=(17) /build/glibc-GKVZIf/glibc-2.23/elf/dl-minimal.c
cfn=(86) free
calls=1 120 
0 6

fn=(362) 0x0000000004c498a0
0 1
cob=(3) /lib/x86_64-linux-gnu/libc-2.23.so
cfi=(75) /build/glibc-GKVZIf/glibc-2.23/malloc/malloc.c
cfn=(300) malloc
calls=1 2903 
0 180

fn=(272) 0x0000000000400600
0 6

fn=(214) 0x0000000004a28530
0 6

ob=(3)
fl=(52) ???
fn=(196) memcpy@GLIBC_2.2.5
0 18

fl=(69) /build/glibc-GKVZIf/glibc-2.23/setjmp/../sysdeps/x86_64/bsd-_setjmp.S
fn=(284) _setjmp
30 1
+2 1
cfi=(70) /build/glibc-GKVZIf/glibc-2.23/setjmp/../sysdeps/x86_64/setjmp.S
cfn=(286) __sigsetjmp
calls=1 -6 
* 28

fl=(84) /build/glibc-GKVZIf/glibc-2.23/string/../sysdeps/x86_64/multiarch/../memset.S
fn=(338) __GI_memset
53 9
+1 9
+1 9
+1 9
+1 9
+2 9
+1 9
+17 9
+1 9
+1 9
+1 9
+1 9
+1 9
+1 9
+1 9
+1 9
+1 9
+1 9
+1 9
+1 9
+1 18
+3 9
+1 9
+1 9
+1 9
+1 9
+1 9
+1 9
+1 9

fl=(70)
fn=(286)
26 1
+9 1
+1 2
+1 1
+4 1
+1 1
+1 1
+1 1
+1 1
+2 2
+2 1
+1 1
+1 1
+2 2
+2 1
+9 1
cfi=(71) /build/glibc-GKVZIf/glibc-2.23/setjmp/sigjmp.c
cfn=(288) __sigjmp_save
calls=1 -36 
* 9

fl=(88) /build/glibc-GKVZIf/glibc-2.23/libio/fileops.c
fn=(352) _IO_file_underflow@@GLIBC_2.2.5
539 3
+6 3
-14 4
+17 2
+13 2
+20 2
cfi=(87) /build/glibc-GKVZIf/glibc-2.23/libio/genops.c
cfn=(366) _IO_switch_to_get_mode
calls=1 176 
* 20
+6 1
+5 4
-5 2
+1 1
+2 1
-1 2
+3 1
cfn=(368) _IO_file_read
calls=1 1216 
* 11
+2 2
+16 1
-9 1
+9 2
+2 2
+1 4
-62 3
+5 2
cfi=(87)
cfn=(354) _IO_doallocbuf
calls=1 395 
* 267
* 2

fn=(358) _IO_file_stat
1229 1
+1 3
cfi=(90) /build/glibc-GKVZIf/glibc-2.23/io/../sysdeps/unix/sysv/linux/wordsize-64/fxstat.c
cfn=(360) _fxstat
calls=1 34 
* 10

fn=(368)
1216 4
cfi=(91) /build/glibc-GKVZIf/glibc-2.23/io/../sysdeps/unix/syscall-template.S
cfn=(370) read
calls=1 84 
* 7

fl=(48) /build/glibc-GKVZIf/glibc-2.23/elf/../sysdeps/unix/sysv/linux/dl-vdso.c
fn=(182) _dl_vdso_vsym
27 8
+4 8
-3 8

fl=(80) /build/glibc-GKVZIf/glibc-2.23/nptl/register-atfork.c
fn=(318) __linkin_atfork
115 2
+1 6
+2 1

fl=(49) /build/glibc-GKVZIf/glibc-2.23/string/../sysdeps/x86_64/multiarch/strcspn.S
fn=(188) strpbrk
45 1
+1 1
+1 1
+1 1
+1 1
+1 1

fn=(184) strcspn
45 1
+1 1
+1 1
+1 1
+1 1
+1 1

fl=(71)
fn=(288)
28 1
+1 1
-1 2
+1 2
+5 3

fl=(78) /build/glibc-GKVZIf/glibc-2.23/elf/dl-addr.c
fn=(308) _dl_addr
126 9
+5 1
-5 2
+5 2
cob=(1)
cfi=(2) /build/glibc-GKVZIf/glibc-2.23/elf/rtld.c
cfn=(50) rtld_lock_default_lock_recursive
calls=1 688 
* 2
+2 2
cob=(1)
cfi=(65) /build/glibc-GKVZIf/glibc-2.23/elf/../sysdeps/x86_64/dl-trampoline.h
cfn=(259) _dl_runtime_resolve_avx'2
calls=1 -69 
* 1190
* 5
+2 2
30 1
+1 1
-1 1
+1 1
+3 2
+5 1
+6 1
-7 1
+2 2
+2 1
-2 1
+2 1
+3 1
+5 8
+2 1
+1 2
-1 1010
+1 2020
+2 3628
+9 2010
+7 24
-2 24
+2 2259
-2 2211
+2 5750
-10 11175
+2 8940
+1 14318
+7 1011
-21 2022
+49 3
+1 1
+1 3
+3 2
+37 2
cob=(1)
cfi=(2)
cfn=(52) rtld_lock_default_unlock_recursive
calls=1 694 
* 2
+3 9
-28 1
+1 1
+21 2

fl=(63) /build/glibc-GKVZIf/glibc-2.23/elf/dl-altinit.c
fn=(246) dlinit_alt
33 3
+1 1

fl=(55) /build/glibc-GKVZIf/glibc-2.23/csu/../csu/init-first.c
fn=(226) _init
52 8
+6 3
+14 1
fi=(57) /build/glibc-GKVZIf/glibc-2.23/csu/../sysdeps/unix/sysv/linux/x86_64/init-first.c
-36 1
fe=(55)
+34 1
+1 1
fi=(57)
-35 3
fe=(55)
+36 1
fi=(57)
-36 3
fi=(56) /build/glibc-GKVZIf/glibc-2.23/csu/../sysdeps/generic/dl-hash.h
+12 3
+14 4
-17 3
+3 9
+14 12
-17 9
fi=(57)
-9 3
+2 2
-2 1
+2 2
cfi=(48)
cfn=(182)
calls=1 -11 
* 6
+1 2
+5 2
-3 2
+1 1
+2 1
cfi=(48)
cfn=(182)
calls=1 -17 
* 6
fe=(55)
+42 3
fi=(57)
-41 2
+1 1
fe=(55)
+40 1
cfi=(58) /build/glibc-GKVZIf/glibc-2.23/misc/init-misc.c
cfn=(232) __init_misc
calls=1 -55 
* 48
+8 1
cfi=(60) /build/glibc-GKVZIf/glibc-2.23/ctype/ctype-info.c
cfn=(236) __ctype_init
calls=1 -63 
* 16
+5 6
-34 1
-7 1
+7 4
fi=(57)
-25 2
fe=(55)

fl=(46) /build/glibc-GKVZIf/glibc-2.23/time/../sysdeps/unix/sysv/linux/x86/time.c
fn=(178) time
38 1
-1 1
+1 6
fi=(47) /build/glibc-GKVZIf/glibc-2.23/time/../sysdeps/generic/dl-hash.h
+10 3
+14 4
-17 3
+3 9
+14 12
-17 9
fe=(46)
-7 3
+3 2
-3 1
+3 1
cfi=(48)
cfn=(182)
calls=1 -14 
* 6
+1 3
+1 2

fl=(87)
fn=(364) _IO_setb
380 3
+1 4
+3 1
+2 4
-3 1
+3 2
+3 3

fn=(350) _IO_default_uflow
413 1
-1 2
+1 1
cfi=(88)
cfn=(352)
calls=1 539 
* 345
+1 2
+2 4
+1 2

fn=(354)
395 2
-1 3
+3 4
+1 3
cfi=(89) /build/glibc-GKVZIf/glibc-2.23/libio/filedoalloc.c
cfn=(356) _IO_file_doallocate
calls=1 95 
* 249
* 2
+3 4

fn=(366)
176 2
-1 2
+1 1
+3 3
+5 1
-1 2
+1 1
+7 1
-4 1
+2 2
+2 1
+1 1
+1 2

fn=(348) __uflow
348 1
+2 4
+6 6
+3 2
+2 2
+6 2
+7 2
+1 1
-1 2
cfn=(350)
calls=1 +39 
* 357
-2 3

fl=(51) /build/glibc-GKVZIf/glibc-2.23/time/../sysdeps/unix/sysv/linux/x86/gettimeofday.c
fn=(192) gettimeofday
37 1
-1 1
+1 6
fi=(47)
+11 3
+14 4
-17 3
+3 9
+14 12
-17 9
fe=(51)
-8 3
+3 2
-3 1
+3 1
cfi=(48)
cfn=(182)
calls=1 -13 
* 6
+1 3
+1 2

fl=(94) /build/glibc-GKVZIf/glibc-2.23/ctype/../include/ctype.h
fn=(402) __ctype_b_loc
38 18
+1 9

fl=(86) /build/glibc-GKVZIf/glibc-2.23/libio/getc.c
fn=(346) getc
34 90
+3 90
-3 90
+3 1260
+1 537
fi=(92) /build/glibc-GKVZIf/glibc-2.23/libio/libioP.h
866 180
+1 720
fe=(86)
41 270
-3 2
cfi=(87)
cfn=(348)
calls=1 348 
* 382
* 2

fl=(59) /build/glibc-GKVZIf/glibc-2.23/string/../sysdeps/x86_64/strrchr.S
fn=(234) rindex
24 1
+1 1
+1 1
+1 1
+1 1
+1 1
+1 1
+1 1
+1 1
+1 1
+1 1
+1 1
+1 1
+1 1
+1 1
+1 1
+1 1
+1 1
+1 1
+1 1
+1 1
+1 1
+1 1
+1 1

fl=(50) /build/glibc-GKVZIf/glibc-2.23/string/../sysdeps/x86_64/multiarch/strspn.S
fn=(190) strspn
30 1
+1 1
+1 1
+1 1
+1 1
+1 1

fl=(75)
fn=(322) malloc_consolidate
4145 574
-22 2288
+23 858
+12 286
5003 286
4148 286
+11 286
-1 286
5005 286
-2 286
+2 1430
4161 572
+1 572
-1 5148
+1 6036
+21 292
+1 2920
+4 303
+4 303
-3 303
+1 303
+2 303
+5 303
+1 303
+1 303
-2 303
+12 303
-12 303
+3 606
+9 303
-41 330
-3 330
+3 660
+1 330
+1 660
+2 660
+1 10
+2 10
-1 10
+2 100
+3 660
+3 606
+4 22
+19 54
+4 27
-4 27
+1 54
+3 54
+3 36
-3 574
+3 11404
+6 2288
4997 4
1809 3
-3 2
+3 378
-3 252
+7 3
+5 1
+2 1
-2 2
-1 3

fn=(380) realloc
2975 81
+7 18
+1 18
+4 16
+7 16
+6 8
-2 8
+2 8
+2 8
-2 8
+2 16
+17 64
+2 16
+44 81
-60 16
+39 48
+2 40
cfn=(388) _int_realloc
calls=8 4227 
* 1080
* 8
+2 32
+1 80
-38 32
+1 16
-7 16
-21 2
cfi=(76) /build/glibc-GKVZIf/glibc-2.23/malloc/hooks.c
cfn=(382) realloc_hook_ini
calls=1 37 
* 218
* 2

fn=(408) free
2935 255350680
+5 102140272
+1 102140272
+6 102140272
+5 51070136
-2 51070136
+2 102140272
+16 153210408
+1 102140272
cfn=(390) _int_free
calls=51070136 3842 
* 5571330708
+1 306420816

fn=(390)
3842 459631305
+13 51070145
-13 51070145
+13 102140290
+6 204280580
+1 102140290
+11 204280580
+13 102140290
+11 37142156
+1 27856617
1887 9285539
3922 9285539
1887 18571078
3924 27856617
+1 18571078
+4 9285539
-4 9285539
+1 9285539
+9 64998773
+9 37142156
+1 24
+1 8
+2 24
-2 9285531
+2 55713210
4106 408561160
3961 83569212
+1 125353818
+15 83569212
+8 125353818
+6 83569212
+1 83569212
+1 83569212
1887 125353818
4002 83569212
+1 37141856
+2 37141856
-1 37141856
+2 399274952
+3 83569212
+5 83568622
+13 41784311
-1 41784311
+2 83568622
+7 41784311
-2 41784311
+1 41784311
+1 41784311
+2 13927919
+1 13927919
+2 13927919
+1 13927919
+2 41783757
+1 13927919
+30 27855838
-34 27856392
+1 27856392
+2 83569176
+1 27856392
+30 55713374
+1 590
+3 885
3963 208923030
+8 41784606
-4 41784606
+4 125353818
-7 83569212
4094 125353818
+1 125353818
+1 208923030
3950 37142140
+68 83568622
+58 572
cfn=(322)
calls=286 +69 
* 45838
* 286
-21 295
+1 885
+1 590
-80 208923030
4080 1475

fn=(336) calloc
3173 9
+15 9
-15 27
+10 9
+5 18
-15 9
+10 9
+5 18
+8 18
+1 18
+12 63
+6 9
+8 9
-7 18
+7 18
+14 27
cfn=(320) _int_malloc
calls=9 3350 
* 1260
+3 9
-3 9
+3 81
+10 18
+1 36
+3 18
+6 27
-51 54
+62 9
-3 9
+3 63
+11 9
+1 18
+1 18
+2 18
+1 18
+25 45
-25 9
cfi=(84)
cfn=(338)
calls=9 53 
* 270

fn=(324) sysmalloc
2269 8
+20 1
+11 1
-11 1
+11 1
+1 5
fi=(77) /build/glibc-GKVZIf/glibc-2.23/malloc/arena.c
622 3
fe=(75)
2316 5
+65 1
+1 3
+10 1
-9 1
+9 5
+6 4
+3 3
2724 2
+1 1
+8 4
+5 1
-3 1
+3 1
-2 1
+2 3
+1 1
-1 1
-1 1
+4 1
-3 2
+1 1
+8 9
2464 1
-8 4
+8 1
+21 5
cfi=(81) /build/glibc-GKVZIf/glibc-2.23/malloc/morecore.c
cfn=(326) __default_morecore
calls=1 46 
* 62
* 1
+1 1
+3 4
+3 2
+1 2
+20 2
+26 2
+2 2
+6 1
-6 1
+6 1
2322 1
2465 1
+10 5
+8 1
-8 1
+8 1
+67 7
+37 2
+6 3
+19 1
+3 2
+1 5
+2 1
-2 1
+2 1
+1 3
cfi=(81)
cfn=(326)
calls=1 46 
* 25
+12 2
+8 1
+1 1
-1 2
+1 2
+39 1
+1 1
-2 1
+1 3
+12 1
-12 1
+1 1
+11 1
2540 5

fn=(300)
2903 153211044
+5 102140696
+1 102140696
+3 408562776
+2 153211041
cfn=(320)
calls=51070347 3350 
* 6430939063
+3 51070347
-3 51070347
+3 51070347
+8 204281388
+2 561773817
+3 204281388
-18 306422082
-2 1
+20 3
-20 1
cfi=(76)
cfn=(302) malloc_hook_ini
calls=1 29 
* 59282

fn=(320)
3350 153211071
-30 102140714
+30 51070357
-30 204281428
+30 153211071
-30 51070357
+30 153211071
+4 153211071
+14 102140714
+2 27856653
+2 9285551
-1 9285551
-1 9285551
+1 9285551
+5 18571102
+3 46425995
+1 9285199
-1 9285199
+1 18570398
+25 83570316
+2 125355471
+1 125355471
+2 41785157
-2 41785157
+2 83570314
+2 2
+37 10
+1 2
+1 2
cfn=(322)
calls=1 4145 
* 651
3820 584992212
-2 41785158
+2 41785158
-2 41785158
+2 83570316
5003 41785158
3818 41785158
+2 41785158
5005 41785158
3820 41785158
5005 41785158
3820 125355474
5005 83570316
3820 167140632
5003 83570316
3470 83570316
+66 874
+1 1311
+1 437
-1 874
+51 2185
+7 437
-6 437
+1 437
+1 437
+1 437
+3 437
-58 4642455
+51 23212275
+7 4642455
-6 4642455
+1 4642455
+1 4642455
+1 4642455
+3 4642455
3470 139284150
+3 41782468
-1 41782468
+1 83564936
+1 83564936
+3 41782468
+10 167129872
+34 9285339
-5 9285339
+1 9285339
+4 9285339
+13 9285784
+8 27854730
+1 18569820
+1 4642455
+3 9284910
+5 4641019
-2 4641019
+2 13923057
+1 9282038
3383 46425995
1880 13927932
3771 13927932
1880 27855864
3834 459633213
3564 13923057
+1 9282038
+6 4641019
+10 9282038
-93 79580480
+1 143916049
+5 32497129
-1 32497129
+5 32497129
-3 64994258
+1 32497129
+1 64994258
+1 32497129
+2 4642447
+1 4642447
+3 37139576
+2 13927341
+1 4642447
+3 4642447
1880 13927341
3504 222837456
+2 83564046
+1 27854682
+3 27854682
1880 83564046
3585 5744
-12 9282038
+31 9291164
+73 9291164
+1 9291164
+1 9291164
+1 9291164
+1 9291164
+5 9292052
+16 27855896
+2 55711792
-4 64997838
+8 4643023
+3 9286046
+2 290
+2 290
-1 290
-1 870
-27 290
+27 290
-27 290
+4 13936284
+3 18581708
-3 13936281
+3 18581180
-3 5432
+3 8148
3793 2849
+3 2849
-2 5698
+2 5698
+17 2
3524 4642447
-1 4642447
+1 9284894
1880 4642447
3527 4642447
1880 9284894
3606 3
+3 1
-3 1
+3 3
1880 4
3449 4642579
3693 13927737
+2 9285158
+1 9285158
+24 13928199
+3 9285466
+5 4642733
-3 4642733
+3 4642733
-3 4642733
+3 55711938
+3 9285466
+15 4642733
+1 9285466
-6 4642733
+17 4642733
-6 4642733
+1 4642733
+1 4642733
+1 4642733
+3 4642733
+1 4642733
+1 9285466
+2 4642447
+1 4642447
+2 37139576
+2 13927341
+1 9284894
-3 2288
+2 858
+1 572
+60 3
cfn=(324)
calls=1 2269 
* 249
+1 2
-28 2848
-3 2848
+1 2848
+2 2848
-1 2848
+1 5696
+2 2848
-2 11392
+2 2848
+3 2848
1880 8544
3728 17220

fn=(388)
4227 81
+21 27
+1 27
+11 27
+2 9
+1 27
+2 54
+6 18
+99 18
+2 18
+17 9
+1 72
-10 18
-1 9
+1 18
+1 18
+4 9
-4 9
+4 9
-4 18
+3 9
+1 9
cfn=(390)
calls=9 3842 
* 674
* 9
-5 18

fl=(58)
fn=(232)
31 2
-1 3
+1 4
+2 3
cfi=(59)
cfn=(234)
calls=1 -9 
* 24
+4 5
+1 3
+2 4

fl=(82) /build/glibc-GKVZIf/glibc-2.23/misc/sbrk.c
fn=(328) sbrk
34 2
+8 2
-8 6
+8 9
+4 4
+4 6
+12 5
-19 2
cfi=(83) /build/glibc-GKVZIf/glibc-2.23/misc/../sysdeps/unix/sysv/linux/x86_64/brk.c
cfn=(330) brk
calls=1 -12 
* 12
* 4
+15 2
cfi=(83)
cfn=(330)
calls=1 -27 
* 12
* 2
+4 5

fl=(45) /build/glibc-GKVZIf/glibc-2.23/string/../sysdeps/x86_64/multiarch/strcmp.S
fn=(186) strncasecmp
129 1
+1 1
+1 1
+1 1
+10 1

fn=(176) strcasecmp
109 1
+1 1
+1 1
+1 1
+10 1

fl=(83)
fn=(330)
31 16
+8 2
-6 4
+7 2

fl=(90)
fn=(360)
34 1
-1 1
+1 1
+1 6
+4 1

fl=(68) /build/glibc-GKVZIf/glibc-2.23/stdlib/cxa_atexit.c
fn=(266) __cxa_atexit
57 5
-22 1
+22 1
-22 1
cfn=(268) __new_exitfn
calls=1 +38 
* 38
+2 2
+4 1
+3 1
+1 1
-4 2
+2 1
+4 1
+1 1
+11 4

fn=(268)
73 2
+6 1
-6 1
+6 1
-6 1
+6 4
+2 6
+2 3
-2 1
+10 2
-10 2
+45 1
+1 1
+3 4
+3 5
-21 1
+1 2

fl=(76)
fn=(382)
37 9
+1 1
+1 1
-1 1
fi=(77)
385 1
fe=(76)
39 1
fi=(77)
385 3
fi=(75)
2983 2
+4 2
+7 2
+6 1
-2 1
+2 1
+2 1
-2 1
+2 2
+17 8
+2 2
fe=(76)
42 9
fi=(75)
3005 2
+39 6
+2 5
cfn=(388)
calls=1 4227 
* 134
* 1
+2 4
+1 10
-38 4
+1 1
-7 1
+7 1
fe=(76)

fn=(302)
29 4
fi=(77)
385 1
fe=(76)
30 1
fi=(77)
385 1
fe=(76)
30 1
fi=(77)
385 1
fi=(75)
2912 7
+2 3
cfn=(320)
calls=1 3350 
* 1038
+3 1
-3 1
+3 1
+8 4
+2 11
fe=(76)
33 4
fi=(75)
2912 6
+12 1
cfi=(77)
cfn=(306) ptmalloc_init.part.7
calls=1 383 
* 58193
* 1
-15 2
fe=(76)

fl=(61) /build/glibc-GKVZIf/glibc-2.23/string/../sysdeps/x86_64/cacheinfo.c
fn=(238) init_cacheinfo
482 2
+12 1
-12 3
+12 3
+2 4
cfn=(240) handle_intel
calls=1 262 
* 454
+4 2
-4 1
+4 1
cfn=(240)
calls=1 262 
* 546
+2 1
-2 1
-1 1
+3 1
+9 2
+2 1
+1 1
+2 1
+5 2
+9 4
-9 4
+9 16
-9 12
+6 8
+69 4
+1 5
+55 2
+2 1
+1 1
+2 1
-3 1
+5 1
-5 1
+4 3
+4 2
+2 1
+1 1
+2 1
-3 1
+5 1
-5 1
+4 2
+3 1
-3 1
+3 5
532 1
+32 1
-26 6
+7 5
+2 1
+1 1
+1 2
-4 4
+2 1
+1 1
+1 6
+2 2
-6 2
+6 2
+5 1
+2 2
+1 1
-1 1
+1 3
+6 1
-1 1
+1 5

fn=(240)
262 4
-1 4
+17 2
-17 12
+14 2
+1 4
-3 6
+23 8
cfn=(242) intel_check_word
calls=2 133 
* 664
+1 4
+3 10
cfn=(242)
calls=2 133 
* 238
+1 4
-17 4
+5 2
-5 6
+5 2
+2 2
+1 2
-1 4
+27 16

fn=(242)
133 8
+6 4
-7 20
+7 16
-7 4
+7 4
+2 4
-2 4
+2 4
+68 8
+3 24
-69 4
+2 8
-2 6
+2 12
+8 20
+51 16
+22 8
fi=(62) /build/glibc-GKVZIf/glibc-2.23/string/../bits/stdlib-bsearch.h
27 8
+1 16
+3 16
+1 8
fe=(61)
+89 16
fi=(62)
-90 12
+1 6
fe=(61)
+89 12
+3 54
fi=(62)
-95 46
+2 46
-2 46
+2 80
+1 40
fe=(61)
+89 80
251 8
141 16
-6 2
256 24
fi=(62)
37 8
-8 18
fe=(61)
165 6
+3 6
+4 4
+2 4
+1 14
+2 7
-12 2
+12 2
+1 10
+1 10
+1 6
+17 3
-32 9
+3 9
+4 6
+2 6
+1 12
+2 12
+5 2
+2 4
+2 32

fl=(91)
fn=(370)
84 2
cfn=(372) __read_nocancel
calls=1 * 
* 5

fn=(372)
84 5

fl=(89)
fn=(356)
95 5
+15 6
cfi=(88)
cfn=(358)
calls=1 1229 
* 14
* 2
+2 4
+11 3
+4 2
cob=(2)
cfi=(16)
cfn=(362)
calls=1 0 
* 181
* 1
+2 1
-1 2
+2 4
cfi=(87)
cfn=(364)
calls=1 380 
* 18
+1 1
+1 5

fl=(93) /build/glibc-GKVZIf/glibc-2.23/string/../sysdeps/x86_64/strlen.S
fn=(396) strlen
66 9
+1 9
+1 9
+1 9
+1 9
+1 9
+1 9
+2 9
+2 9
+30 9
+1 9
+1 9
+1 9
+1 9
+1 9
+1 9

fl=(81)
fn=(326)
46 2
+1 2
cfi=(82)
cfn=(328)
calls=2 -13 
* 73
+1 6
+4 4

fl=(67) /build/glibc-GKVZIf/glibc-2.23/csu/../csu/libc-start.c
fn=(264) (below main)
134 7
+4 1
-4 3
+4 3
+82 1
-82 1
+82 1
+1 4
cfi=(68)
cfn=(266)
calls=1 57 
* 60
+22 4
+3 2
+1 5
cob=(5) /home/sunjay/Documents/projects/sudoku/solvesudoku
cfi=(64) ???
cfn=(270) __libc_csu_init
calls=1 0 
* 56
+4 4
+15 2
+12 2
cfi=(69)
cfn=(284)
calls=1 30 
* 30
+1 2
+5 2
+1 2
+3 2
+3 6
cob=(5)
cfi=(72) /home/sunjay/Documents/projects/sudoku/solvesudoku.c
cfn=(290) main
calls=1 18 
* 56149918820
138 2

fl=(60)
fn=(236)
31 5
+2 1
+2 1
-4 1
+4 1
-4 1
+2 3
+2 3

fl=(77)
fn=(306)
383 6
+13 1
-8 1
+8 1
+6 2
+1 2
-1 1
+1 10
cfi=(80)
cfn=(318)
calls=1 115 
* 9
+2 5
+16 2
-57 74
-18 225
+2 148
+1 10
+1 2
466 2
+6 2
+1 2
+2 1
+1 7
-79 5
cfi=(78)
cfn=(308)
calls=1 126 
* 57669
* 2
+1 4

ob=(1)
fl=(44) /build/glibc-GKVZIf/glibc-2.23/elf/dl-reloc.c
fn=(164) _dl_relocate_object
149 40
+15 4
-15 8
+15 4
+1 24
+6 8
+6 12
-18 8
+22 8
+7 4
-32 4
+32 4
+44 4
fi=(5) /build/glibc-GKVZIf/glibc-2.23/elf/../sysdeps/x86_64/dl-machine.h
76 12
fe=(44)
232 8
fi=(5)
76 12
+6 6
+4 9
+14 3
-8 3
+10 3
-2 6
+20 6
+9 3
fe=(44)
258 164
-98 18
fi=(5)
301 24
fe=(44)
-43 3
fi=(4) /build/glibc-GKVZIf/glibc-2.23/elf/do-rel.h
58 3
-10 3
-1 6
+11 3
-11 3
+11 3
fe=(44)
258 1
-98 6
fi=(5)
301 8
fe=(44)
-43 1
fi=(4)
58 1
-10 1
-1 2
+11 1
-11 1
+11 1
fe=(44)
258 4
fi=(4)
58 4
-10 4
-1 8
+11 4
-11 4
+11 4
+3 15
fi=(5)
528 30
+4 30
+2 45
+1 15
fi=(4)
61 66
+2 92
+2 26
-4 3
+13 6
+1 5
+1 16
fi=(5)
528 8
+26 8
fi=(4)
75 8
fi=(5)
554 16
cob=(3)
cfi=(52)
cfn=(196)
calls=1 0 
* 18
cob=(3)
cfi=(51)
cfn=(192)
calls=1 37 
* 66
cob=(3)
cfi=(50)
cfn=(190)
calls=1 30 
* 6
cob=(3)
cfi=(49)
cfn=(188)
calls=1 45 
* 6
cob=(3)
cfi=(45)
cfn=(186)
calls=1 129 
* 5
cob=(3)
cfi=(49)
cfn=(184)
calls=1 45 
* 6
cob=(3)
cfi=(46)
cfn=(178)
calls=1 38 
* 66
cob=(3)
cfi=(45)
cfn=(176)
calls=1 109 
* 5
fi=(4)
75 8
fi=(5)
555 8
fi=(4)
75 11
fe=(44)
258 2
fi=(4)
75 14
fe=(44)
258 14
+3 16
+24 4
+3 8
+17 12
+2 32
fi=(4)
84 5
-1 5
+3 10
-3 5
+3 5
+12 15
+10 6
+3 8
fi=(5)
512 2
fi=(4)
112 4
fi=(5)
512 1194
fi=(4)
112 2380
fi=(5)
512 2380
+5 2384
+1 2384
fi=(4)
111 2384
fi=(5)
518 1192
fi=(4)
111 1192
+7 15
+6 4
-3 8
+3 10
fi=(5)
447 9
fi=(4)
127 372
+9 186
+3 93
-3 93
+3 93
fi=(5)
269 93
fi=(4)
138 93
-2 93
+1 372
fi=(5)
269 93
+21 186
+4 186
+7 1774
fi=(4)
137 75
fi=(5)
301 150
fi=(4)
137 75
fi=(5)
301 75
fi=(4)
137 75
fi=(5)
301 150
fi=(4)
137 1
fi=(5)
301 2
fi=(4)
137 1
fi=(5)
301 1
fi=(4)
137 1
fi=(5)
301 1066
cfi=(6) /build/glibc-GKVZIf/glibc-2.23/elf/dl-lookup.c
cfn=(170) _dl_lookup_symbol_x
calls=76 806 
* 42438
* 608
+2 237
+3 91
-3 182
+3 273
+6 558
fe=(44)
178 8
fi=(5)
435 234
fi=(4)
124 285
+19 6
fi=(5)
301 57
fi=(4)
108 3
fi=(5)
407 42
+4 70
+14 70
+49 3
+4 7
cfi=(18) /build/glibc-GKVZIf/glibc-2.23/string/../sysdeps/x86_64/multiarch/../memcpy.S
cfn=(46) memcpy
calls=1 61 
* 18
+2 4
+1 1
fe=(44)
313 20
+3 4
-3 8
+3 4
+4 8
+1 16
cfi=(38) /build/glibc-GKVZIf/glibc-2.23/misc/../sysdeps/unix/syscall-template.S
cfn=(124) mprotect
calls=4 84 
* 20
* 12
fi=(5)
123 15
+6 12
fe=(44)
258 3
fi=(4)
129 8
fi=(5)
301 87
fi=(4)
160 7
+2 20
+8 10
+1 5
-1 5
+1 5
fi=(5)
+98 5
fi=(4)
-99 15
fi=(5)
+99 5
+21 10
+4 10
+7 180
cfi=(6)
cfn=(170)
calls=5 806 
* 2409
* 35
+2 15
+3 1
-3 2
+3 3
+6 30
435 15
fi=(4)
160 17
+14 2
fi=(5)
301 6
fe=(44)

fl=(27) /build/glibc-GKVZIf/glibc-2.23/string/../sysdeps/x86_64/multiarch/../memset.S
fn=(74) memset
53 10
+1 10
+1 10
+1 10
+1 10
+2 10
+1 10
+1 8
+1 8
+15 2
+1 2
+1 2
+1 2
+1 2
+1 2
+1 2
+1 2
+1 2
+1 2
+1 2
+1 2
+1 2
+1 4
+3 2
+1 2
+1 2
+1 2
+1 2
+1 2
+1 2
-6 34
+1 34
+1 34
+1 34
+1 34
+1 34
+1 34
+1 2
+3 8
+1 8
+1 8
+1 2
+1 2
+1 1
+1 1
+3 1
+1 1
+1 1
+1 1
+2 1
+1 1
+1 1
+2 6
+1 6
+1 6

fl=(6)
fn=(10) _dl_setup_hash
956 12
+4 4
+4 8
+2 4
-1 4
+3 12
+1 4
+1 4
+3 4
-3 4
+7 4
-4 4
-1 4
+3 4
+2 4
-7 4
+7 4
+1 4

fn=(174) check_match
92 672
+3 588
+12 504
+3 420
cfi=(19) /build/glibc-GKVZIf/glibc-2.23/string/../sysdeps/x86_64/multiarch/../strcmp.S
cfn=(54) strcmp
calls=21 +34 
* 887
* 42
+5 84
-1 84
+1 84
+2 166
+19 166
+1 664
+46 84
-7 84
+7 420
-18 2
+2 1
+1 4
-1 5
-29 249
cfi=(19)
cfn=(54)
calls=83 +6 
* 2033
* 249

fn=(170)
806 990
568 90
806 360
568 450
+1 90
-1 90
+1 270
-1 270
+1 1120
-1 1120
+1 3360
-1 3540
808 90
+4 90
+4 90
-8 90
+1 180
+7 256
+7 90
-2 90
+2 90
-2 90
+6 90
-7 90
+7 180
-7 540
+15 6
-8 30
+2 1260
cfn=(172) do_lookup_x
calls=90 355 
* 34156
+3 270
+26 180
+22 84
+1 588
+31 84
+9 420
+14 252
+3 336
+5 84
+2 720
-85 42
+16 6
+1 12
+59 2

fn=(172)
355 630
+1 90
-1 450
+48 90
-30 90
-11 90
+41 90
+7 180
-7 180
-30 360
+37 360
-44 180
+3 180
-3 380
+3 380
+4 566
+4 558
+4 558
+6 837
+8 279
-4 279
+1 279
+3 558
+1 837
+3 279
+1 558
+2 558
+8 279
-8 279
+8 2790
-99 195
553 1404
+1 64
cfi=(34) /build/glibc-GKVZIf/glibc-2.23/elf/dl-misc.c
cfn=(106) _dl_name_match_p
calls=32 288 
* 3492
* 96
+3 588
+3 6
+1 720
-92 168
+50 628
+4 33
+12 168
+1 84
+1 168
413 534
+2 178
+2 1157
+13 258
-10 850
+2 168
+1 420
-1 84
+1 588
-1 84
+1 252
cfn=(174)
calls=84 92 
* 7492
+4 252
+34 10
+94 35
439 756

fl=(53) /build/glibc-GKVZIf/glibc-2.23/elf/dl-init.c
fn=(212) call_init.part.0
28 20
+8 4
+3 4
-3 8
+3 12
+5 21
+5 4
+9 12
cob=(3)
cfi=(55)
cfn=(226)
calls=1 -6 
* 176
cob=(2)
cfi=(16)
cfn=(214)
calls=1 -58 
* 6
* 2
+4 4
+6 2
+2 4
-2 4
+3 10
+1 8
cob=(3)
cfi=(61)
cfn=(238)
calls=1 482 
* 1159
cob=(4) /usr/lib/valgrind/vgpreload_core-amd64-linux.so
cfi=(54) ???
cfn=(218) 0x0000000000000650
calls=1 -72 
* 17
* 4
cob=(3)
cfi=(63)
cfn=(246)
calls=1 -39 
* 4
* 3
-1 6
+3 24
-29 3
-5 3

fn=(210) _dl_init
80 11
+1 1
+1 1
+3 3
+8 2
+1 2
+25 15
+1 12
-90 20
cfn=(212)
calls=3 -2 
* 1448
* 3
+96 8
-96 2
+58 2
+16 1
cfn=(212)
calls=1 -76 
* 76
* 1

fl=(11) /build/glibc-GKVZIf/glibc-2.23/string/../sysdeps/x86_64/strlen.S
fn=(22) strlen
66 14
+1 14
+1 14
+1 14
+1 14
+1 14
+1 14
+2 14
+2 14
+30 13
+1 13
+1 13
+1 13
+1 13
+1 6
+1 6
+4 7
+1 7
+1 7
+1 7
+1 7
+1 7
+1 7
+1 7
+1 7
+1 7
+1 7
+1 7
+5 56
+4 1
+1 14
+1 8

fl=(1) ???
fn=(0) 0x0000000000000cc0
0 2
cfi=(2)
cfn=(2) _dl_start
calls=1 337 
0 89828
0 14
cfi=(53)
cfn=(210)
calls=1 80 
0 1608
0 3
cob=(5)
cfi=(64)
cfn=(250) _start
calls=1 0 
0 56149920032

fl=(65)
fn=(258) _dl_runtime_resolve_avx
64 1
+3 1
+2 1
+2 1
+3 1
+1 1
+1 1
+1 1
+1 1
+1 1
+1 1
+1 1
+1 1
+1 1
+1 1
+1 1
+1 1
+1 1
+1 1
+5 1
+1 1
+1 1
+1 1
+14 1
+1 1
+1 1
cfi=(66) /build/glibc-GKVZIf/glibc-2.23/elf/../elf/dl-runtime.c
cfn=(260) _dl_fixup
calls=1 -46 
* 944
+1 1
+5 1
+1 1
+1 1
+1 1
+13 1
+1 1
+1 1
+1 1
+1 1
+1 1
+1 1
+1 1
+1 1
+1 1
+1 1
+1 1
+1 1
+1 1
+1 1
+2 1
+2 1
+4 1
+3 1
cob=(3)
cfi=(67)
cfn=(264)
calls=1 -25 
* 56149919022

fn=(259)
64 8
+3 8
+2 8
+2 8
+3 8
+1 8
+1 8
+1 8
+1 8
+1 8
+1 8
+1 8
+1 8
+1 8
+1 8
+1 8
+1 8
+1 8
+1 8
+5 8
+1 8
+1 8
+1 8
+14 8
+1 8
+1 8
cfi=(66)
cfn=(260)
calls=8 -46 
* 7222
+1 8
+5 8
+1 8
+1 8
+1 8
+13 8
+1 8
+1 8
+1 8
+1 8
+1 8
+1 8
+1 8
+1 8
+1 8
+1 8
+1 8
+1 8
+1 8
+1 8
+2 8
+2 8
+4 8
+3 8
cob=(3)
cfi=(75)
cfn=(408)
calls=1 2935 
* 100
cob=(3)
cfi=(94)
cfn=(402)
calls=1 38 
* 3
cob=(3)
cfi=(93)
cfn=(396)
calls=1 -93 
* 16
cob=(3)
cfi=(75)
cfn=(380)
calls=1 2975 
* 244
cob=(3)
cfi=(86)
cfn=(346)
calls=1 34 
* 419
cob=(3)
cfi=(75)
cfn=(336)
calls=1 3173 
* 254
cfi=(79) /build/glibc-GKVZIf/glibc-2.23/elf/dl-open.c
cfn=(316) _dl_find_dso_for_object
calls=1 +23 
* 32
cob=(3)
cfi=(75)
cfn=(300)
calls=1 2903 
* 59294

fl=(36) /build/glibc-GKVZIf/glibc-2.23/io/../sysdeps/unix/sysv/linux/wordsize-64/fxstat.c
fn=(120) _fxstat
34 3
-1 3
+1 3
+1 18
+4 3

fl=(15) /build/glibc-GKVZIf/glibc-2.23/elf/dl-object.c
fn=(32) _dl_new_object
61 42
+1 3
cfi=(11)
cfn=(22)
calls=3 +4 
* 66
+6 3
-6 6
+6 6
+7 12
cfi=(17)
cfn=(36) calloc
calls=3 +28 
* 120
* 3
+3 3
-3 3
+3 3
+4 3
+5 6
-6 3
+6 3
-5 3
+3 6
+2 3
cfi=(18)
cfn=(46)
calls=3 -26 
* 88
+10 3
-10 3
+10 3
-8 3
+9 6
-1 9
+1 9
+3 3
-4 3
+1 3
+3 3
+9 3
-7 3
+4 3
+3 9
+2 2
-2 2
+2 30
-2 30
+12 3
+6 3
-5 3
-1 3
+6 15
+2 2
+3 2
-3 2
+3 2
-3 4
+7 6
+4 4
+2 5
+6 1
+6 1
-3 2
+3 4
-3 4
+3 4
+2 6
cfi=(11)
cfn=(22)
calls=2 -91 
* 68
+4 2
-4 8
+4 6
+64 4
+4 24
68 30
+34 8
+39 8
+70 6
cfi=(25) /build/glibc-GKVZIf/glibc-2.23/string/../sysdeps/x86_64/memcpy.S
cfn=(70) mempcpy
calls=2 61 
* 71
* 42
+6 40
-1 40
+1 42
-1 2
+1 6
+5 4
-89 2
+32 4
cfi=(17)
cfn=(40) malloc
calls=2 -71 
* 58
* 2
+1 2
-1 2
+1 6
+2 1
-35 2

fn=(48) _dl_add_to_namespace_list
32 15
+2 6
cfi=(2)
cfn=(50)
calls=3 688 
* 6
+2 3
-2 3
+2 19
+3 15
+2 2
+2 2
+4 2
+4 2
-4 4
+1 2
+4 4
-4 2
+1 2
+3 2
-3 2
+2 2
cfi=(2)
cfn=(52)
calls=2 694 
* 4
-4 1
+4 1
-4 2
+1 1
+4 2
-4 1
+1 1
+3 1
-3 1
+2 1
cfi=(2)
cfn=(52)
calls=1 694 
* 2
-5 2

fl=(17)
fn=(36)
103 8
+8 24
-4 8
+4 16
+3 8
cfn=(40)
calls=8 -20 
* 289
* 8

fn=(86)
120 1
+2 3
+7 2

fn=(40)
94 21
+1 42
cfn=(44) __libc_memalign
calls=21 -43 
* 633
* 21

fn=(80) strsep
354 8
+2 4
+1 8
+4 132
+7 366
-2 244
+13 2
+4 4
-7 61
-15 187

fn=(44)
52 66
+1 87
+11 63
+3 21
-3 21
+3 42
-3 3
+3 1
-3 1
+3 78
+4 12
+1 6
+6 24
cfi=(26) /build/glibc-GKVZIf/glibc-2.23/misc/../sysdeps/unix/sysv/linux/wordsize-64/mmap.c
cfn=(72) mmap
calls=3 -45 
* 99
+2 15
+4 9
+3 3
+1 3
+2 15
-3 19
+1 19
+2 95
-31 2
-1 5

fl=(7) /build/glibc-GKVZIf/glibc-2.23/elf/../elf/dl-sysdep.c
fn=(12) _dl_sysdep_start
86 8
+25 1
-1 1
+1 231
+6 1
-3 1
+1 1
-4 1
+3 1
+3 4
+1 2
-1 25
+1 105
-1 102
+62 1
+1 1
-1 1
+1 1
-29 1
+1 2
+11 1
+1 1
-1 1
+1 1
-7 1
+1 1
-1 1
+1 1
-4 1
+1 2
-25 1
+1 2
-4 1
+1 2
-7 1
+1 1
+2 1
+1 1
fi=(9) /build/glibc-GKVZIf/glibc-2.23/elf/../sysdeps/unix/sysv/linux/dl-sysdep.c
-90 2
cfi=(10) /build/glibc-GKVZIf/glibc-2.23/elf/../sysdeps/unix/sysv/linux/x86_64/brk.c
cfn=(18) brk
calls=1 -4 
* 11
fi=(5)
223 5
fi=(8) /build/glibc-GKVZIf/glibc-2.23/elf/../sysdeps/x86/cpu-features.c
61 2
+3 1
-3 1
+3 9
175 3
+1 1
+3 2
+1 1
+2 2
+1 7
+7 3
+4 2
+2 4
+51 2
fe=(7)
-16 1
fi=(8)
+27 1
+1 1
+1 1
fe=(7)
-29 1
+1 1
cfi=(11)
cfn=(22)
calls=1 66 
* 32
* 1
+2 2
cfi=(12) /build/glibc-GKVZIf/glibc-2.23/elf/../misc/sbrk.c
cfn=(24) sbrk
calls=1 34 
* 17
* 3
+12 3
+3 5
cfi=(2)
cfn=(26) dl_main
calls=1 738 
* 88465
+1 1
+1 8
fi=(8)
-4 2
+1 4
+1 4
-49 2
+1 1
+6 3
+5 3
+16 2
+3 2
29 2
+4 1
-4 1
+5 1
-1 1
+2 1
-1 1
+1 1
-2 1
+1 1
+1 1
+1 1
-7 2
+3 1
+4 1
+5 1
+32 2
-32 1
+27 1
+5 1
+3 1
+1 8
+57 2
-66 2
+44 2
250 2
+1 4
fe=(7)

fn=(202) _dl_sysdep_start_cleanup
256 1

fl=(41) /build/glibc-GKVZIf/glibc-2.23/io/../sysdeps/unix/sysv/linux/wordsize-64/xstat.c
fn=(138) _xstat
34 4
-1 4
+1 4
+1 24
+4 1
-4 12

fl=(30) /build/glibc-GKVZIf/glibc-2.23/elf/dl-debug.c
fn=(92) _dl_debug_state
74 2

fn=(88) _dl_debug_initialize
50 8
+5 6
+5 2
-1 1
+1 2
+1 2
-1 1
+4 1
-13 4
+4 8
+4 1
-1 1
-58 4

fl=(25)
fn=(70)
61 17
+4 17
+3 16
+1 16
+2 7
+1 7
+2 7
+1 7
+5 7
+1 7
-1 9
+1 9
+2 10
+1 10
+2 10
+1 10
+5 10
+1 10
-1 6
+1 6
+2 5
+1 5
+2 5
+1 5
+5 5
+1 5
-1 11
+1 11
+2 7
+1 7
+2 7
+1 14
+5 7
+1 7
-1 9
+1 11
+5 2
+1 2
+1 2
+1 2
+2 2
+2 2
+1 2
+2 2
+6 16
+4 16
+12 2
+2 2
+1 2
+26 2
+1 2
+3 2
+1 2
+1 2
+5 2
+2 2
+1 2
+1 2
+1 2
+2 2
+1 2
+1 2
+1 2
+2 2
+1 2
+2 2
+22 2
+2 2
+2 1
+7 1

fl=(43) /build/glibc-GKVZIf/glibc-2.23/elf/dl-version.c
fn=(152) _dl_check_all_versions
380 5
+4 7
+2 28
cfn=(154) _dl_check_map_versions
calls=4 189 
* 2902
-2 4
+2 12
-1 4
-1 8
+5 7

fn=(156) match_symbol
76 55
+9 5
-8 5
-1 10
+1 5
+8 5
+6 15
+15 5
+1 10
+2 5
+5 10
+14 42
+12 48
+4 16
-30 32
+19 25
cfi=(19)
cfn=(54)
calls=5 +11 
* 169
* 10
+35 40

fn=(154)
189 12
-15 36
+17 4
+3 12
-3 4
+2 4
+1 4
+2 4
-3 4
+3 4
+3 4
+4 2
-4 2
+4 8
+17 2
56 4
220 2
56 10
+1 5
-1 10
+2 21
cfi=(34)
cfn=(106)
calls=7 288 
* 884
* 16
228 6
+5 16
+19 3
-15 82
cfn=(156)
calls=3 76 
* 330
* 8
cfn=(156)
calls=2 76 
* 182
* 5
+7 30
+3 15
+9 12
+14 4
+3 8
+10 28
-7 112
+3 84
-3 8
+3 6
+8 9
+87 8
-81 12
cfi=(17)
cfn=(36)
calls=3 103 
* 165
* 3
+1 3
-2 3
+2 3
+11 3
+2 3
-5 3
+3 3
+2 3
-2 3
+2 3
+3 8
+4 6
+18 3
-15 9
+2 9
-2 6
+2 6
+2 5
+1 5
-1 10
+1 5
-1 5
+1 5
+1 5
-2 5
+2 10
+1 15
+3 15
+8 6
+10 9
+3 8
+20 28
-14 60
-2 28
+7 56
+1 28
-1 84
+1 28
-1 28
+1 28
+1 28
+3 90
+10 27
183 2
-8 2
+95 4
-80 2

fl=(31) /build/glibc-GKVZIf/glibc-2.23/elf/dl-tls.c
fn=(90) _dl_count_modids
115 2
+1 2

fn=(162) _dl_allocate_tls_storage
354 3
+2 1
+11 3
cfi=(17)
cfn=(44)
calls=1 52 
* 76
* 1
+1 2
+7 2
+4 1
-57 1
+57 296
-58 2
+1 2
cfi=(17)
cfn=(36)
calls=1 103 
* 38
* 1
+1 2
+3 1
+6 2
+64 5

fn=(200) _dl_allocate_tls_init
450 2
-1 7
+5 1
+6 3
-6 1
+6 1
-4 1
+16 1
-15 3
+20 6
+6 16
+3 1
+1 2
+6 3
+3 1
-2 2
+2 4
+1 1
+3 1
-1 3
+4 2
+1 4
+2 2
+9 6
cfi=(25)
cfn=(70)
calls=1 61 
* 23
* 4
cfi=(27)
cfn=(74)
calls=1 53 
* 30
* 2
-38 3
+52 2
+2 1
+1 8

fn=(198) _dl_add_to_slotinfo
890 3
+9 1
-9 1
+6 2
+8 5
+41 1
+1 3
+1 4

fn=(160) _dl_determine_tlsoffset
138 7
+6 3
+3 2
+36 3
+2 10
+3 1
-1 1
+5 2
-5 3
+3 3
+2 5
+16 3
+2 2
-2 2
+2 2
+10 1
-37 2
+25 1
-25 4
+40 4
+1 1
+51 1
+1 8

fn=(146) _dl_next_tls_modid
49 1
+3 4
+48 1
+4 2

fl=(18)
fn=(46)
61 15
+2 15
+2 15
+3 13
+1 13
+2 5
+1 5
+2 5
+1 5
+5 5
+1 5
-1 8
+1 8
+2 4
+1 4
+2 4
+1 8
+5 4
+1 4
-1 9
+1 9
+2 3
+1 3
+2 3
+1 3
+5 3
+1 3
-1 10
+1 10
+2 8
+1 8
+2 8
+1 8
+5 8
+1 8
-1 5
+1 10
+5 5
+1 5
+1 5
+1 5
+2 5
+2 5
+1 5
+2 5
+8 13
+8 6
+6 6
+2 6
+1 6
+3 2
+1 6
+5 2
+1 2
+2 2
+2 2
+1 2
+2 2
-8 6
+1 6
+2 6
+2 6
+1 6
+2 10
+9 2
+1 2
-1 4
+1 4
+3 6
+1 6
+1 6
+5 5
+2 5
+1 5
+1 5
+1 5
+2 5
+1 5
+1 5
+1 5
+2 5
+1 5
+2 5
+22 6
+6 6
+1 6
+2 2

fl=(14) /build/glibc-GKVZIf/glibc-2.23/string/../sysdeps/x86_64/multiarch/../memcmp.S
fn=(30) bcmp
24 13
+1 13
+1 13
+1 13
+1 13
+1 13
+1 13
+1 13
+3 13
+1 13
+1 5
+1 5
+1 5
+1 5
+1 5
+1 5
+1 5
+2 12
+1 12
+1 4
+1 4
+1 4
+1 4
+1 4
+1 4
+1 4
+2 12
+1 12
+1 5
+1 5
+1 5
+1 5
+1 2
+1 2
+1 2
+2 9
+1 9
+1 5
+1 5
+1 5
+1 5
+5 4
+1 4
+1 4
+1 4
+1 4
+1 4
+1 4
+1 2
+1 2
+1 2
+1 2
+1 2
+7 2
+2 3
+4 8
+1 8
+1 1
+1 1
+1 1
+1 1
+1 1
+1 1
+1 1
+1 1
+1 1
+1 1
+1 1
+4 9
+1 9

fl=(32) /build/glibc-GKVZIf/glibc-2.23/elf/dl-error.c
fn=(148) _dl_receive_error
205 10
+1 1
cfi=(2)
cfn=(98) _dl_initial_error_catch_tsd
calls=1 648 
* 2
+5 1
-1 1
-4 1
+9 1
+2 1
-3 1
+3 1
cfi=(2)
cfn=(150) version_check_doit
calls=1 513 
* 2987
+2 1
+1 1
+1 8

fn=(96) _dl_catch_error
163 6
+15 3
-3 6
+1 6
-13 6
+14 6
+1 3
+2 3
cfi=(2)
cfn=(98)
calls=3 648 
* 6
+2 3
-1 3
+4 3
-3 6
+3 3
-4 3
+4 3
cfi=(33) /build/glibc-GKVZIf/glibc-2.23/setjmp/../sysdeps/x86_64/setjmp.S
cfn=(100) __sigsetjmp
calls=3 26 
* 60
* 9
+2 9
cfi=(40) /build/glibc-GKVZIf/glibc-2.23/elf/dl-deps.c
cfn=(134) openaux
calls=2 60 
* 5503
cfi=(2)
cfn=(102) map_doit
calls=1 480 
* 2372
+1 6
+2 3
+1 3
-3 3
+1 6
+1 3
+9 3
-8 3
+8 9

fl=(22) /build/glibc-GKVZIf/glibc-2.23/elf/dl-load.c
fn=(136) open_path
2018 8
+1 1
+6 1
-6 1
+6 1
+5 9
+52 1
-59 1
-1 1
+60 1
-52 8
+74 4
-62 1
-9 1
+9 1
+7 4
cfi=(25)
cfn=(70)
calls=1 61 
* 31
+1 1
-1 1
+1 5
+20 8
-20 15
+3 8
+5 8
-1 4
+1 8
-1 12
cfi=(25)
cfn=(70)
calls=4 61 
* 85
* 16
cfi=(25)
cfn=(70)
calls=4 61 
* 92
-1 4
+7 4
-7 4
+7 4
+3 36
cfn=(108) open_verify.constprop.7
calls=4 1695 
* 176
* 4
+2 20
+67 7
+7 1
-2 1
+2 3
+3 3
+14 1
-27 1
+27 7
-84 8
+1 36
+6 4
+2 4
-2 4
+2 8
-2 4
+2 4
cfi=(41)
cfn=(138)
calls=4 34 
* 49
* 8
+1 1
+2 1
-2 1
+2 7
+7 3
-7 3
+7 9
-30 3
+23 6

fn=(108)
1695 66
+39 6
-39 18
+39 22
+31 24
cfi=(24) /build/glibc-GKVZIf/glibc-2.23/io/../sysdeps/unix/syscall-template.S
cfn=(110) open
calls=6 84 
* 46
+2 6
-2 6
+2 8
+10 2
+1 4
+5 16
cfi=(24)
cfn=(112) read
calls=2 84 
* 10
+2 4
+2 2
+2 2
-2 4
+2 2
+6 4
+16 8
cfi=(14)
cfn=(30)
calls=2 24 
* 57
* 18
cfi=(14)
cfn=(30)
calls=2 24 
* 72
* 4
+74 4
+5 4
+2 8
+6 4
+11 4
+6 2
+1 2
-1 8
+1 2
-1 2
+1 4
+1 6
+20 106
+2 36
+4 8
+1 6
+12 14
+4 6
+5 1
+1 1
-13 4
cfi=(14)
cfn=(30)
calls=1 24 
* 25
* 8
cfi=(14)
cfn=(30)
calls=2 24 
* 60
* 6
+16 2
+3 7
+3 3
+1 5
-39 2
+67 20
-23 4
+23 28
1804 2
+7 4
cfi=(14)
cfn=(30)
calls=1 24 
* 24
* 2

fn=(64) _dl_init_paths
661 1
+13 2
-13 8
+13 3
cfi=(23) /build/glibc-GKVZIf/glibc-2.23/elf/dl-hwcaps.c
cfn=(66) _dl_important_hwcaps
calls=1 39 
* 398
+5 1
-5 1
+5 1
cfi=(17)
cfn=(40)
calls=1 94 
* 29
* 1
+1 1
-2 1
+2 2
+8 1
-1 1
+1 2
-1 1
+1 1
-1 3
+5 1
-5 1
+5 1
cfi=(17)
cfn=(40)
calls=1 94 
* 80
* 1
+2 1
-3 1
+3 1
+17 1
+12 1
-9 2
+6 1
-19 1
+10 1
+12 1
-11 1
+2 1
+1 4
-15 1
+23 4
-3 21
cfi=(27)
cfn=(74)
calls=4 53 
* 60
* 4
+3 27
-14 3
+2 3
+1 3
+2 6
-3 3
+4 9
+4 3
-3 3
+3 3
+1 3
-4 9
+4 3
+10 1
+4 1
-11 1
+6 1
+6 1
-12 1
+12 1
+2 4
+2 3
+38 5
+8 3
cfi=(28) /build/glibc-GKVZIf/glibc-2.23/string/../sysdeps/x86_64/multiarch/../strchr.S
cfn=(76) index
calls=1 24 
* 52
* 2
+2 2
cfi=(11)
cfn=(22)
calls=1 66 
* 16
* 8
cfi=(18)
cfn=(46)
calls=1 61 
* 31
* 1
+4 6
+17 1
-4 4
-13 52
+17 13
-4 53
+8 1
cfi=(17)
cfn=(40)
calls=1 94 
* 29
* 1
+1 1
-2 1
+2 1
+6 9
cfn=(78) fillin_rpath
calls=1 433 
* 605
+4 5
+6 1
+4 8
-75 1
-2 1
+2 2
+14 2

fn=(104) _dl_map_object
2167 21
+8 3
-8 6
+8 3
+1 12
+3 42
+5 49
+2 21
cfi=(34)
cfn=(106)
calls=7 288 
* 1016
* 14
+4 12
+1 18
+3 2
+2 8
cfi=(19)
cfn=(54)
calls=2 144 
* 68
* 4
2478 24
2213 10
+9 2
-53 2
+53 4
+36 4
-2 2
+2 2
cfi=(28)
cfn=(76)
calls=2 24 
* 46
* 4
2409 2
372 3
cfi=(28)
cfn=(76)
calls=1 24 
* 47
* 2
+4 2
cfi=(29) /build/glibc-GKVZIf/glibc-2.23/string/strdup.c
cfn=(82) strdup
calls=1 40 
* 128
2410 1
-3 1
+3 2
+4 9
cfn=(108)
calls=1 1695 
* 299
+3 1
-3 1
+3 3
+12 3
+46 1
+1 3
-1 1
+1 9
cfn=(114) _dl_map_object_from_fd
calls=1 871 
* 1444
-1 1
+1 3
-1 1
+1 9
cfn=(114)
calls=1 871 
* 1738
* 6
2262 2
cfi=(11)
cfn=(22)
calls=1 66 
* 16
* 1
+2 1
-2 1
+2 1
+7 4
+35 2
+1 14
cfn=(136)
calls=1 2018 
* 777
+6 2
-6 1
+6 3
638 1
2314 1
638 2
2401 2
+28 3
+2 4
2275 1
+5 1
-5 1
+5 1
+3 2
-3 1
+3 7
-3 3
638 1
2281 1
638 2
2336 1
-14 1
+14 1
+2 3
+4 2
cfi=(42) /build/glibc-GKVZIf/glibc-2.23/elf/dl-cache.c
cfn=(140) _dl_load_cache_lookup
calls=1 185 
* 1431
+2 1
-2 1
+2 1
+4 2
+8 3
+23 10
cfn=(108)
calls=1 1695 
* 370
+4 1
-4 1
+4 3
+1 2
-89 3
+1 8
638 1
2297 1
638 2

fn=(78)
433 8
+2 1
-2 9
+5 1
cfi=(17)
cfn=(80)
calls=1 -84 
* 238
* 4
-66 3
cfi=(28)
cfn=(76)
calls=1 24 
* 23
* 2
+4 2
cfi=(29)
cfn=(82)
calls=1 40 
* 94
* 1
+68 2
cfi=(11)
cfn=(22)
calls=1 66 
* 16
+4 1
-4 1
+4 1
+22 15
+1 8
+55 2
+2 2
cob=(2)
cfi=(16)
cfn=(84)
calls=1 0 
* 7
* 2
-90 1
cfi=(17)
cfn=(80)
calls=1 -84 
* 6
* 3
+94 1
+3 9
-46 2
+4 2
-1 4
cfi=(17)
cfn=(40)
calls=1 94 
* 29
* 1
+3 1
-3 1
+3 2
+5 1
+1 2
-2 1
+2 1
cfi=(25)
cfn=(70)
calls=1 61 
* 31
+3 1
-3 1
+1 1
+2 1
+6 2
+1 1
-1 2
+1 13
+1 11
-1 2
+3 2
+1 3
+7 1
+1 1
-1 2
-67 6
+8 1
-3 3
+3 2
+26 2
-34 2
+65 2
-9 2

fn=(114)
871 22
+10 2
-10 2
+10 2
-10 6
+10 2
cfi=(30)
cfn=(88)
calls=2 50 
* 16
fi=(35) /build/glibc-GKVZIf/glibc-2.23/elf/../sysdeps/posix/dl-fileid.h
37 6
fe=(22)
881 2
fi=(35)
37 2
cfi=(36)
cfn=(120)
calls=2 -3 
* 20
* 4
+4 2
fe=(22)
897 2
fi=(35)
40 2
+1 2
fe=(22)
897 29
+1 10
fi=(35)
49 12
fe=(22)
1443 16
915 4
+24 4
+10 4
+22 8
+32 4
882 2
1006 14
cfi=(15)
cfn=(32)
calls=2 61 
* 831
+1 2
-1 2
+1 2
+11 4
+1 2
-1 2
+2 2
-1 2
+4 2
-1 4
-2 2
+2 4
+1 6
+1 2
+19 2
-2 2
+10 2
-8 12
+8 2
-8 6
+8 2
+87 2
+8 2
-8 8
+8 2
-8 6
-86 32
-1 136
+1 95
+6 4
+1 6
+1 2
+9 20
+5 32
+9 12
-1 12
+1 4
+1 8
+2 4
-2 4
+1 4
-1 4
+3 4
+4 4
-7 4
+2 4
+1 4
+4 4
+1 12
+4 6
-14 2
+14 12
+11 2
-11 6
-14 2
+14 12
+11 2
-44 2
+1 1
+46 3
+4 1
+1 1
+1 1
-1 2
+1 1
+3 3
+1 1
+3 1
-3 1
+7 4
+6 1
cfi=(31)
cfn=(146)
calls=1 49 
* 8
* 2
+1 1
+59 4
+1 6
+1 2
-6 4
+1 2
+8 6
1019 2
1207 2
1019 2
1207 2
+10 6
fi=(37) /build/glibc-GKVZIf/glibc-2.23/elf/./dl-map-segments.h
56 4
fe=(22)
1217 6
fi=(37)
56 2
fe=(22)
1217 2
fi=(37)
56 2
fe=(22)
1217 4
fi=(37)
56 12
cfi=(26)
cfn=(72)
calls=2 -23 
* 70
+4 2
-4 2
+4 4
+3 4
+1 2
+2 2
-2 2
-1 2
+3 2
+10 4
fi=(39) /build/glibc-GKVZIf/glibc-2.23/elf/./dl-load.h
+14 8
+1 6
+2 8
fi=(37)
+7 16
+6 2
+2 2
-2 2
+1 2
+2 2
-1 2
+1 2
-1 6
+8 4
+17 4
+12 4
-59 20
+2 4
+2 2
-2 4
+2 20
cfi=(26)
cfn=(72)
calls=2 -57 
* 62
* 6
fe=(22)
1229 8
+9 4
fi=(3) /build/glibc-GKVZIf/glibc-2.23/elf/get-dynamic-info.h
39 2
fe=(22)
1238 2
fi=(3)
39 2
+6 2
-2 2
+2 4
+15 2
+5 2
+3 2
-1 2
-3 2
-3 36
+10 8
-26 24
+16 35
+10 35
-26 105
+26 2
-26 6
+2 90
+13 40
+2 8
+3 8
+13 4
+20 7
+1 8
+1 8
+1 8
+2 8
+5 8
+1 7
+1 8
+6 6
+5 4
+7 4
+1 6
+16 6
+5 1
+2 1
-2 1
+2 1
+2 2
+2 2
+3 6
+10 1
-8 4
+8 1
+5 2
+3 4
fe=(22)
1245 4
+15 6
+19 4
+2 10
+54 6
+1 2
+3 2
cfi=(24)
cfn=(130) close
calls=1 84 
* 5
* 2
cfi=(24)
cfn=(130)
calls=1 84 
* 5
* 4
+9 4
+2 6
+2 2
-2 2
+2 2
+16 4
cfi=(6)
cfn=(10)
calls=2 956 
* 46
+4 4
+1 4
+17 4
+9 2
-5 6
+5 2
+10 4
+10 6
cfi=(15)
cfn=(48)
calls=2 32 
* 82
+4 8
fi=(3)
68 8
+2 10
fe=(22)
1391 2
fi=(37)
119 4
+8 16
cfi=(27)
cfn=(74)
calls=2 -74 
* 283
* 8
-54 8
-1 12
cfi=(38)
cfn=(124)
calls=2 +12 
* 10
* 2
fi=(39)
+22 5
+1 11
+3 4
fi=(37)
+39 9
cfi=(26)
cfn=(72)
calls=1 33 
* 31
+3 3
fe=(22)
1233 2

fl=(66)
fn=(260)
66 18
+5 18
-5 9
+3 18
+3 9
-1 18
-3 9
+5 54
+1 9
-1 9
+1 18
+5 18
+4 18
+4 27
+4 9
+1 45
+2 36
+7 18
-1 9
+1 9
+10 81
cfi=(6)
cfn=(170)
calls=9 806 
* 7491
* 9
+4 45
+10 54
+16 9
-8 9
+8 27
+4 27
fi=(5)
+90 9
fe=(66)
-86 27

fl=(23)
fn=(66)
39 6
+3 1
-3 2
+3 1
-1 1
+1 1
+9 1
-12 4
+12 2
+10 4
162 2
-47 3
cfi=(24)
cfn=(68) access
calls=1 -31 
* 9
* 2
+55 3
+2 2
+1 5
+4 2
+4 1
-4 1
+1 1
+3 1
+3 1
+1 1
-1 1
+4 3
+1 1
-1 9
+1 1
+18 10
+1 2
-1 1
+1 3
cfi=(17)
cfn=(40)
calls=1 94 
* 29
* 1
+1 1
-1 1
+1 5
+29 1
+3 1
-3 2
+3 1
+23 7
+6 2
-1 2
+1 6
-1 8
+5 6
+3 1
-3 1
+3 1
-3 3
+3 1
-3 1
+3 5
+1 12
+1 4
-1 4
+1 8
-2 4
+1 8
-1 14
+4 4
+4 1
-1 1
+2 1
-2 1
+1 1
+1 1
-2 1
+2 10
+13 2
+1 1
-1 1
+3 2
-3 2
+1 1
-1 1
+3 2
+3 4
+3 1
-1 1
+1 9
113 1
+17 1
+1 1
-1 9
243 6
cfi=(25)
cfn=(70)
calls=1 61 
* 22
* 4
cfi=(25)
cfn=(70)
calls=1 61 
* 18
+1 4
cfi=(25)
cfn=(70)
calls=1 61 
* 22
* 4
cfi=(25)
cfn=(70)
calls=1 61 
* 18
* 12

fl=(9)
fn=(60) _dl_discover_osversion
45 7
+2 3
+85 8
-45 3
cfi=(21) /build/glibc-GKVZIf/glibc-2.23/posix/../sysdeps/unix/syscall-template.S
cfn=(62) uname
calls=1 -3 
* 5
* 1
+15 1
-15 1
+20 1
-1 1
+3 12
+4 3
-2 6
+2 9
+7 3
-1 3
+4 3
-2 3
+2 10
+5 2

fl=(38)
fn=(124)
84 24
+1 6

fn=(206) munmap
84 4
+1 1

fl=(19)
fn=(54)
144 208
+1 208
+2 208
+1 208
+21 208
+1 208
+1 160
+1 160
+1 128
+1 128
+1 128
+1 128
+21 128
+1 128
+1 128
+1 128
+1 128
+1 128
+1 128
+5 5
+1 5
+9 5
+1 5
+1 5
+1 5
+1 5
+1 5
+1 5
+1 5
-7 80
+1 80
+1 80
+1 80
+1 80
+1 80
+1 80
+1 80
+1 83
+1 72
+1 72
+1 72
+2 72
+1 72
+1 72
+1 72
+1 72
+1 72
-5 11
+1 11
+1 11
+1 11
+1 11
+1 11
+10 2
+1 2
+1 2
+2 2
+6 2
+1 2
+1 2
+1 2
+1 2
+5 2
1196 4
+1 4
+1 4
+1 4
+1 4
+2 4
+1 4
+1 4
+1 4
+1 4
+1 4
+1 4
1321 19
+1 19
+1 19
+1 19
+1 19
+2 19
+1 19
+1 19
+1 19
+1 19
+1 19
+1 19
+1 1
+4 1
+1 1
+1 1
+6 1
+1 1
+1 2
+4 1
+1 1
+3 1
+1 1
+1 1
+3 1
+1 1
+1 1
+6 1
+1 1
+1 1
+1 1
+1 1
+1 1
1571 4
+1 4
+1 4
+1 4
+1 4
+2 4
+1 4
+1 4
+1 4
+1 4
+1 4
+1 4
+1 3
+4 3
+1 3
+1 3
+6 3
+1 3
+1 6
+4 3
+1 3
+3 3
+1 3
+1 3
+3 3
+1 3
+1 3
+6 3
+1 3
+1 3
+1 3
+1 3
+1 3
+72 1
+1 1
+1 1
+1 1
+1 1
+2 1
+1 1
+1 1
+1 1
+1 1
+1 1
+1 1
1821 5
+1 5
+1 5
+1 5
+1 5
+2 5
+1 5
+1 5
+1 5
+1 5
+1 5
+1 5
+1 3
+4 3
+1 3
+1 3
+6 3
+1 3
+1 6
+4 3
+1 3
+3 3
+1 3
+1 3
+3 3
+1 3
+1 3
+6 3
+1 3
+1 3
+1 3
+1 3
+1 3
+72 4
+1 4
+1 4
+1 4
+1 4
+2 4
+1 4
+1 4
+1 4
+1 4
+1 4
+1 4
+1 3
+4 3
+1 3
+1 3
+6 3
+1 3
+1 6
+4 3
+1 3
+3 3
+1 3
+1 3
+3 3
+1 3
+1 3
+6 3
+1 3
+1 3
+1 3
+1 3
+1 3
+72 46
+1 46
+1 46
+1 46
+1 46
+2 46
+1 46
+1 46
+1 46
+1 46
+1 46
+1 46
+2 1
+4 1
+1 1
+1 1
+6 1
+1 1
+2 2
+4 1
+1 1
+3 1
+1 1
+1 1
+3 1
+1 1
+1 1
+6 1
+1 1
+1 1
+1 1
+1 1
+1 1
+74 11
+2 11
+1 11
+1 11
+1 11
-3 74
+1 74
+1 74
+1 74
+1 216
+5 72
+6 72
+1 72
+8 72
+1 72
-16 136
+6 136
+1 136
+8 136
+1 136

fl=(2)
fn=(50)
688 8

fn=(158) init_tls
573 1
+6 1
-6 1
+2 2
+4 1
+10 4
cfi=(17)
cfn=(36)
calls=1 103 
* 38
* 1
+11 1
-5 1
-7 1
+6 1
+2 1
-1 1
+5 1
+2 1
-1 1
+1 10
+2 8
+4 1
+2 1
-2 2
-5 8
+9 3
+3 1
cfi=(31)
cfn=(160)
calls=1 138 
* 71
+7 1
cfi=(31)
cfn=(162)
calls=1 354 
* 439
+1 1
-1 1
+1 1
+6 1
+3 1
-3 1
+3 6
+3 1
+2 1
+1 2

fn=(2)
337 9
+18 4
fi=(5)
59 1
fe=(2)
355 1
fi=(3)
45 1
fi=(5)
+14 2
fe=(2)
381 1
fi=(3)
45 1
fe=(2)
378 1
fi=(3)
45 1
+25 2
-3 1
-7 1
+5 1
+3 1
+2 1
-3 1
-3 1
-3 2
-13 26
+23 13
-26 39
+26 1
-26 3
+2 36
+13 20
+1 16
+10 4
-26 12
+33 2
+20 4
+1 4
+1 4
+1 4
+2 4
+5 4
+1 4
+1 4
+6 3
+5 2
+7 3
+1 3
+8 3
+2 3
+3 2
+1 2
fe=(2)
392 2
286 1
399 1
286 1
cfi=(6)
cfn=(10)
calls=1 956 
* 23
+1 2
+1 2
+1 2
+1 2
+8 1
+9 1
-9 3
+9 1
-6 1
-3 1
+9 1
cfi=(7)
cfn=(12)
calls=1 86 
* 89180
* 1
+9 1
+3 4
+4 1
-4 1
+4 1
424 9
fi=(3)
62 4
+3 4
fe=(2)
397 26
fi=(4)
84 1
+27 1
-28 1
+28 2
+1 2
fi=(5)
517 2
fi=(4)
112 18
fi=(5)
517 18
+1 20
fi=(4)
111 20
fi=(5)
518 10
fi=(4)
111 10
+5 2
+8 1
fi=(5)
312 1
fi=(4)
124 2
+12 1
+1 3
fi=(5)
266 1
fi=(4)
137 1
fi=(5)
294 1
fi=(4)
137 2
fi=(5)
294 1
fi=(4)
136 5
+1 15
fi=(5)
266 5
fi=(4)
137 5
fi=(5)
294 5
fi=(4)
137 10
fi=(5)
294 5
+9 12
+3 6
-3 12
+3 18
+6 36
fi=(3)
68 4
+2 3
fi=(5)
425 12
fi=(4)
124 19
fe=(2)

fn=(102)
480 1
+2 1
-2 1
+3 8
cfi=(22)
cfn=(104)
calls=1 2167 
* 2358
* 1
+2 2

fn=(94) do_preload
654 4
+12 1
-12 2
+10 1
-4 1
+1 1
+5 4
-10 1
+6 1
+4 1
cfi=(32)
cfn=(96)
calls=1 163 
* 2434
+1 3
+10 3
+4 5

fn=(52)
694 8

fn=(26)
738 1
+19 1
-19 7
2353 1
738 3
+19 1
+3 1
-22 1
2348 1
760 1
+4 2
+1 2
+5 2
2346 2
+7 4
-4 1
+4 8
+2 2
cfi=(13) /build/glibc-GKVZIf/glibc-2.23/elf/dl-environ.c
cfn=(28) _dl_next_ld_env_entry
calls=1 30 
* 64
* 4
cfi=(13)
cfn=(28)
calls=2 30 
* 413
* 9
+4 50
+1 19
-1 57
+3 4
+6 14
2514 3
+30 3
780 3
981 7
cfi=(15)
cfn=(32)
calls=1 61 
* 250
+2 1
-2 1
+2 1
+1 1
+1 1
+5 2
-5 1
+1 2
+4 1
cfi=(15)
cfn=(48)
calls=1 32 
* 33
+1 3
747 1
1020 1
-3 1
-5 1
+1 1
+2 1
+5 7
+56 5
-55 24
-1 27
+1 47
1123 5
+3 2
+2 2
+2 3
+13 3
+1 6
cfi=(19)
cfn=(54)
calls=1 144 
* 44
* 2
+7 1
+3 1
-5 1
+3 1
+2 1
+1 2
+4 2
+2 2
fi=(3)
30 1
+9 2
+6 1
-2 1
+2 2
+15 1
+5 1
+3 1
+2 1
-3 1
-3 1
-3 14
+10 3
-26 9
+16 19
+10 19
-26 57
+26 1
-26 3
+2 46
+13 16
+2 4
+16 3
+38 3
+5 2
+7 2
+1 3
+16 3
+14 3
+18 2
fe=(2)
1166 2
cfi=(6)
cfn=(10)
calls=1 956 
* 23
+3 2
fi=(20) /build/glibc-GKVZIf/glibc-2.23/elf/setup-vdso.h
24 2
fe=(2)
1191 1
cfi=(9)
cfn=(60)
calls=1 45 
* 85
* 8
-75 2
+1 2
+1 1
-6 2
+1 1
-88 3
+1 1
+50 2
-1 8
+2 4
+1 1
+3 2
+1 2
-1 2
+1 2
+1 2
+1 6
+1 2
-43 1
-2 2
+27 1
-25 2
+7 1
-10 1
+10 1
-19 3
+1 1
fi=(3)
65 4
+3 4
+2 4
fe=(2)
2442 4
cfi=(14)
cfn=(30)
calls=1 24 
* 31
* 2
+2 3
-55 4
cfi=(14)
cfn=(30)
calls=1 24 
* 18
* 2
+7 4
cfi=(14)
cfn=(30)
calls=1 24 
* 36
* 2
+2 3
1185 3
+11 2
cfi=(22)
cfn=(64)
calls=1 661 
* 1658
+3 3
cfi=(30)
cfn=(88)
calls=1 50 
* 17
+7 1
-7 1
+2 1
+5 1
+3 3
+1 1
+3 1
-3 3
+1 2
+3 1
+5 1
-7 1
+7 1
+1 5
+17 2
+1 2
+5 1
-3 4
+2 2
+1 3
+5 3
+1 5
+2 2
+1 2
+5 2
+5 1
753 1
1262 2
1439 1
cfi=(31)
cfn=(90)
calls=1 115 
* 4
* 1
+8 3
+3 1
+4 3
+5 1
+1 1
cfi=(30)
cfn=(92)
calls=1 74 
* 1
+1 1
+4 3
+15 3
+4 1
-2 1
+2 2
+31 3
cfi=(24)
cfn=(68)
calls=1 84 
* 9
* 2
+77 1
1481 1
1592 3
+17 3
+1 1
-1 1
+1 2
-1 1
+1 5
cfi=(40)
cfn=(132) _dl_map_object_deps
calls=1 161 
* 7023
+1 1
+2 2
+3 1
-3 3
+3 1
-3 1
+3 3
+1 4
-1 2
+1 12
-1 6
+4 3
+1 3
+1 1
+2 2
+1 6
-1 5
+1 5
-1 3
-28 5
+1 1
-1 3
+4 3
+1 1
+1 2
+1 3
+34 1
+1 2
-1 1
+1 1
+2 1
+2 3
+2 1
-4 1
+5 1
-1 2
+14 2
+1 2
+1 3
+11 1
+2 1
-2 1
+2 2
-1 1
+1 1
-2 3
+2 1
cfi=(32)
cfn=(148)
calls=1 205 
* 3017
+10 1
+1 1
-1 1
+1 1
+1 1
cfn=(158)
calls=1 573 
* 619
* 1
+2 2
703 1
+2 3
fi=(96) /build/glibc-GKVZIf/glibc-2.23/elf/../sysdeps/unix/sysv/linux/dl-osinfo.h
77 1
fe=(2)
714 1
+7 1
-5 1
1692 3
1922 3
2092 4
+2 1
+5 3
cfi=(31)
cfn=(200)
calls=1 450 
* 147
+3 2
+9 3
+2 2
+15 1
+2 1
-2 2
+3 1
-3 1
+3 1
-3 1
+3 3
cfi=(44)
cfn=(164)
calls=1 149 
* 3984
+1 1
+2 6
+8 1
cfi=(7)
cfn=(202)
calls=1 256 
* 1
+4 3
+20 3
cfi=(30)
cfn=(88)
calls=1 50 
* 8
+1 1
-1 1
+2 1
cfi=(30)
cfn=(92)
calls=1 74 
* 1
+1 1
+4 1
cfi=(42)
cfn=(204) _dl_unload_cache
calls=1 322 
* 15
+5 8
2043 3
+7 1
+2 3
+19 1
-19 4
+2 1
+2 12
+5 8
+2 8
+6 4
+2 8
+1 24
cfi=(44)
cfn=(164)
calls=3 149 
* 66424
+4 14
-22 10
+25 1
+2 5
+6 1
-6 1
+6 1
-10 2
cfi=(31)
cfn=(198)
calls=1 890 
* 20
* 1
-12 1
+1 1
-3 2
-85 1
+11 1
-7 1
-4 1
+4 3
+4 2
+3 1
1491 2
cfi=(11)
cfn=(22)
calls=1 66 
* 34
* 8
cfi=(18)
cfn=(46)
calls=1 61 
* 67
* 1
+3 6
+3 3
cfi=(17)
cfn=(80)
calls=1 354 
* 766
* 3
cfi=(17)
cfn=(80)
calls=1 354 
* 6
* 6
+1 2
+1 3
+2 4
cfn=(94)
calls=1 654 
* 2462
* 2
1635 2
1503 1
+2 6

fn=(150)
513 2
+2 4
cfi=(43)
cfn=(152)
calls=1 380 
* 2977
* 2
+4 2

fn=(98)
648 8

fl=(24)
fn=(130)
84 12
+1 3

fn=(112)
84 8
+1 2

fn=(68)
84 12
+2 15

fn=(110)
84 28
+1 3
+1 20

fl=(28)
fn=(76)
24 7
+1 7
+1 7
+1 7
+1 7
+1 7
+1 7
+1 7
+1 6
+1 6
+1 6
+1 6
+1 6
+1 6
+1 6
+1 6
+1 6
+1 4
+4 4
+1 4
+1 4
+1 4
+2 4
+4 2
+1 2
+1 2
+1 2
+1 2
+1 2
+1 2
+1 2
+1 2
+1 2
+1 2
+1 2
+1 2
+1 2
+1 2
+1 2
+1 2
+1 2
+1 2
+1 2
+1 2
+1 2
+1 2
+1 2
+52 3
+4 3
+1 3
+1 3
+1 3
+2 3
+4 1
+1 1
+1 1
+1 1
+1 1
+1 1
+1 1
+1 1
+1 1
+1 1
+1 1
+1 1
+1 1
+1 1
+1 1
+1 1
+1 1
+1 1
+1 1
+1 1
+1 1
+1 1
+1 1
+1 1
+1 1
+1 1
+1 1
+1 1
+1 1
+1 1
+1 1
+1 1
+1 1
+1 1
+1 1
+1 1
+1 1
+1 1

fl=(26)
fn=(72)
33 9
-1 90
+1 23
+1 90
+2 63
-3 20

fl=(10)
fn=(18)
31 7
+8 1
-6 2
+7 1

fl=(12)
fn=(24)
34 4
+8 6
+4 2
+16 5

fl=(13)
fn=(28)
30 3
+3 10
+13 72
-13 216
+2 148
+1 18
+5 2
-3 2
+3 2
+2 2
-12 1
+19 1

fl=(21)
fn=(62)
84 4
+1 1

fl=(42)
fn=(204)
322 4
-1 1
+3 2
cfi=(38)
cfn=(206)
calls=1 84 
* 5
+1 1
+2 2

fn=(140)
185 9
+8 2
+3 3
+51 2
+9 1
+6 2
-6 4
+6 1
cfi=(24)
cfn=(68)
calls=1 84 
* 9
+19 1
-19 1
+19 148
cfn=(144) _dl_cache_libcmp
calls=9 138 
* 628
* 38
-15 4
+15 14
cfn=(144)
calls=1 138 
* 71
* 7
-82 4
cfi=(34)
cfn=(142) _dl_sysdep_read_whole_file
calls=1 45 
* 94
+8 1
-8 1
+8 4
+1 4
cfi=(14)
cfn=(30)
calls=1 24 
* 38
* 2
+7 1
-3 1
+3 3
+3 1
+1 2
-1 1
+1 1
+1 4
cfi=(14)
cfn=(30)
calls=1 24 
* 32
* 2
+61 21
+16 2
+4 2
+8 3
cfi=(11)
cfn=(22)
calls=1 66 
* 34
* 2
+1 1
-1 4
+1 2
cfi=(18)
cfn=(46)
calls=1 61 
* 91
+1 2
cfi=(29)
cfn=(82)
calls=1 40 
* 109
+1 8
-31 9

fn=(144)
138 30
+1 22
+2 96
+2 48
-2 48
+2 2
+6 1
+2 1
-1 1
-1 1
+1 1
+1 4
+2 5
+2 2
+6 94
+2 170
+4 38
+1 38
-29 76
+32 3
-7 18

fl=(40)
fn=(132)
161 1
-1 1
+1 1
-1 4
+1 1
-1 2
+1 1
-1 2
+1 1
-1 2
+1 3
-15 1
+15 1
-17 1
+1 1
+1 1
+6 4
+26 1
-26 1
+26 7
-34 1
+2 1
+33 2
-33 1
-2 1
+2 2
-2 1
+1 1
+1 1
+6 3
+26 1
-26 1
+26 5
+4 1
+21 1
+1 1
-22 2
+19 1
-12 1
+15 1
-16 2
+13 1
317 9
217 1
-4 1
-4 1
+8 4
-4 3
-4 3
+8 3
+12 8
+2 2
+11 2
-5 2
-6 4
+5 2
+2 4
+1 4
+3 14
+50 6
+1 3
-51 192
+1 96
+6 10
cfi=(28)
cfn=(76)
calls=2 24 
* 70
* 4
+5 10
-3 2
+3 2
cfi=(32)
cfn=(96)
calls=2 -91 
* 5627
+2 6
+15 2
+2 4
+5 2
+6 2
+2 2
-8 4
+3 2
+1 2
+1 2
+1 2
+4 12
+7 138
459 12
+2 6
+2 6
cfi=(17)
cfn=(40)
calls=2 94 
* 58
* 2
+2 2
-2 2
+2 2
+4 8
-1 2
+1 2
cfi=(18)
cfn=(46)
calls=2 61 
* 41
+1 10
cfi=(18)
cfn=(46)
calls=2 61 
* 41
+4 2
-1 2
+5 22
+7 6
+1 1
+3 5
+10 4
cfi=(17)
cfn=(40)
calls=1 94 
* 29
* 1
+3 1
-3 1
+3 1
+5 6
+1 1
-1 3
+1 2
+8 2
+4 3
-4 1
-6 3
-2 3
+8 6
+4 9
-4 3
-6 9
+13 3
+51 3
+2 3
+42 1
-4 1
+5 2
-1 4
+1 2
cfi=(27)
cfn=(74)
calls=1 53 
* 15
* 1
-2 9
+7 1
-1 1
+1 1
-1 2
+7 1
-7 1
+7 2
-13 2
+7 2
-1 2
+1 2
-1 4
+7 2
-7 2
+7 6
+2 8
+1 4
-1 4
+1 3
+2 9
+1 6
+28 18
cfi=(27)
cfn=(74)
calls=2 53 
* 37
* 10
-6 3
-28 6
+31 10
-6 2
+16 2
+2 1
+1 1
-1 1
+2 3
+7 3
+3 3
+3 8
481 9
-1 4
+1 9
202 2
+27 8
-19 4
+8 25
+2 2
+2 8
+2 30
338 6
611 8
cfi=(18)
cfn=(46)
calls=1 61 
* 28
+2 1
-38 1
+38 1
209 2

fn=(134)
60 4
+7 2
-4 22
cfi=(22)
cfn=(104)
calls=2 2167 
* 5469
* 2
+5 4

fl=(29)
fn=(82)
40 12
+1 3
cfi=(11)
cfn=(22)
calls=3 +25 
* 84
* 3
+1 6
cfi=(17)
cfn=(40)
calls=3 +52 
* 87
* 3
+2 6
+4 3
-1 6
+1 6
-1 6
cfi=(18)
cfn=(46)
calls=3 +14 
* 106

fl=(33)
fn=(100)
26 3
+9 3
+1 6
+1 3
+4 3
+1 3
+1 3
+1 3
+1 3
+2 6
+2 3
+1 3
+1 3
+2 6
+2 3
+4 3
+1 3

fl=(34)
fn=(106)
288 230
+1 92
cfi=(19)
cfn=(54)
calls=46 144 
* 1932
* 46
+1 46
-1 46
+3 46
+2 92
+4 47
-4 94
+1 150
cfi=(19)
cfn=(54)
calls=50 144 
* 2195
* 100
-5 3
+11 58
-1 43
+1 172

fn=(142)
45 2
+7 1
-7 3
+7 1
-7 3
+7 1
cfi=(24)
cfn=(110)
calls=1 +32 
* 5
+1 2
+2 5
cfi=(36)
cfn=(120)
calls=1 -21 
* 10
* 2
+2 1
+3 1
-3 1
+3 1
+13 2
cfi=(24)
cfn=(130)
calls=1 +11 
* 5
+3 7
-14 6
cfi=(26)
cfn=(72)
calls=1 -29 
* 33
* 2

fl=(79)
fn=(316)
182 5
+1 4
+1 12
+1 2
+3 2
+4 1
-9 6

ob=(4)
fl=(54)
fn=(218)
0 17

ob=(5)
fl=(64)
fn=(276) 0x0000000000400850
0 16

fn=(270)
0 15
cob=(2)
cfi=(16)
cfn=(272)
calls=1 0 
0 6
0 8
cfn=(276)
calls=1 0 
0 16
0 11

fn=(250)
0 11
cob=(1)
cfi=(65)
cfn=(258)
calls=1 64 
0 56149920016
0 5

fl=(72)
fn=(290)
18 4
+2 2
cfi=(73) /home/sunjay/Documents/projects/sudoku/boardparser.c
cfn=(292) readBoard
calls=1 -9 
* 89226
+1 1
-1 1
+1 1
+4 2
cfi=(74) /home/sunjay/Documents/projects/sudoku/sudoku.c
cfn=(414) isValidBoard
calls=1 321 
* 26100
* 2
+6 2
cfi=(95) /home/sunjay/Documents/projects/sudoku/puzzlesolver.c
cfn=(426) solveBoard
calls=1 -13 
* 56149803479

fl=(95)
fn=(426)
18 1
+29 1
-29 2
+30 1
-30 5
+30 2
+1 9
+1 351
+1 81
+2 81
-2 324
+2 209
-5 27
+24 2
-49 2
cfi=(74)
cfn=(428) isCompleteBoard
calls=1 365 
* 10
* 4
132 2
cob=(3)
cfi=(75)
cfn=(300)
calls=1 2903 
* 231
* 1
+1 1
-1 1
+1 6
-86 2
+93 6
+1 1
-1 2
+1 1
-8 16
-86 16
+93 48
+1 8
-1 16
+1 8
-1 432
+1 72
-1 144
+1 72
+6 64
-2 64
+2 190
+2 1
+1 1
-2 2
-9 2
+9 80
-9 169
-1 18
+17 2
-64 1
+1 1
+3 1
-2 1
cob=(3)
cfi=(75)
cfn=(408)
calls=1 2935 
* 100
* 1
+2 16
+3 14
+1 16
+8 10
cfi=(74)
cfn=(430) copySudokuBoard
calls=5 -64 
* 15969
* 10
+3 20
cfi=(74)
cfn=(412) placeSudokuValue
calls=5 +3 
* 1484
+3 10
cfn=(427) solveBoard'2
calls=5 -95 
* 56149777198
+1 4
-1 4
+1 4
+1 8
cfi=(74)
cfn=(432) freeSudokuBoard
calls=4 -54 
* 5808
+4 8

fn=(427)
18 4642753
+29 4642753
-29 9285506
+30 4642753
-30 23213765
+30 9285506
+1 127126177
+1 4772946551
+1 1144135587
+2 1144135587
-2 4576542348
+2 1916565795
+9 866749843
-1 364009550
+7 138730743
-18 92487162
+18 46243581
cfi=(74)
cfn=(412)
calls=46243581 +45 
* 12716055060
-18 46243581
+19 46243581
-19 53950448
-2 381378528
+24 28250260
-24 9482378
-1 18964756
+16 138730743
-40 9285504
cfi=(74)
cfn=(428)
calls=4642752 365 
* 908978053
* 18571008
132 9285504
cob=(3)
cfi=(75)
cfn=(300)
calls=4642752 2903 
* 482879902
* 4642752
+1 4642752
-1 4642752
+1 27856512
-86 9285504
+93 27856512
+1 4642752
-1 9285504
+1 4642752
-8 74284032
-86 74284032
+93 222852096
+1 37142016
-1 74284032
+1 37142016
-1 2005668864
+1 334278144
-1 668556288
+1 334278144
+6 96317684
-2 96317684
+2 279667548
+2 4642752
+1 4642752
-2 9285504
-9 9285504
+9 371420160
-9 784625088
-1 83569536
+17 9285504
-64 4642752
+1 4642752
+3 4642752
-2 4642752
cob=(3)
cfi=(75)
cfn=(408)
calls=4642752 2935 
* 464275200
* 4642752
+2 83569440
+3 83569344
+1 83569384
+8 9285496
cfi=(74)
cfn=(430)
calls=4642748 -64 
* 11426481107
* 9285496
+3 18570992
cfi=(74)
cfn=(412)
calls=4642748 +3 
* 1300091370
+3 9285496
cfn=(427)
calls=4642748 -95 
* 869266033518
+1 4642728
-1 4642728
+1 4642728
+1 9285456
cfi=(74)
cfn=(432)
calls=4642728 -54 
* 6741283991
+4 9285456
-91 4642732
+60 4642732
-60 32499124

fl=(74)
fn=(414)
321 6
+1 1
-1 2
+3 3
cfn=(416) getBoardBox
calls=1 221 
* 829
* 24
cfn=(416)
calls=8 221 
* 8117
* 27
-2 18
+7 63
-1 9
+1 9
-1 9
-4 18
-2 36
+7 126
-1 18
+1 18
-1 18
+1 378
-1 54
+1 54
-1 108
-1 54
+5 18
cfn=(418) freeBox
calls=9 -88 
* 3735
+2 18
cfn=(420) isValid
calls=9 -60 
* 616
* 27
+5 27
cfn=(422) getBoardColumn
calls=9 198 
* 2484
* 9
+2 18
cfn=(420)
calls=9 -67 
* 616
+1 9
-1 9
+1 9
cob=(3)
cfi=(75)
cfn=(408)
calls=9 2935 
* 3805
* 9
+2 18
+5 27
cfn=(424) getBoardRow
calls=9 181 
* 2763
* 9
+2 18
cfn=(420)
calls=9 -77 
* 616
+1 9
-1 9
+1 9
cob=(3)
cfi=(75)
cfn=(408)
calls=9 2935 
* 1152
* 9
+2 18
-32 27
+37 8

fn=(428)
365 18571012
-1 9285506
+8 9285506
-7 14719258
-1 29438516
+8 464540991
-2 324413252
-1 29438516
+10 9285506

fn=(418)
244 18
+2 18
cob=(3)
cfi=(75)
cfn=(408)
calls=9 2935 
* 900
* 9
* 18
cob=(3)
cfi=(75)
cfn=(408)
calls=9 2935 
* 900
* 9
* 18
cob=(3)
cfi=(75)
cfn=(408)
calls=9 2935 
* 900
* 9
+2 9
+1 9
-1 9
cob=(3)
cfi=(75)
cfn=(408)
calls=9 2935 
* 900
* 9

fn=(420)
274 81
+2 27
+1 54
-1 216
+1 432
+3 204
+3 102
-8 102
+8 192
-8 384
+10 27
+1 27

fn=(432)
61 27856392
+2 13928196
cob=(3)
cfi=(75)
cfn=(408)
calls=4642732 2935 
* 603555160
* 4642732
* 111425568
cob=(3)
cfi=(75)
cfn=(408)
calls=37141856 2935 
* 5367041127
* 37141856
-1 83569176
+4 4642732
-1 4642732
+1 9285464
-1 4642732
cob=(3)
cfi=(75)
cfn=(408)
calls=4642732 2935 
* 464273200
* 4642732

fn=(412)
113 101772830
-2 50886415
+2 101772830
+2 50886415
-2 50886415
+2 50886415
+5 203545404
+1 50886351
-10 50886351
+10 50886351
+3 50886351
-13 50886351
+13 50886351
-4 101772702
+4 50886351
-4 50886351
-9 50886351
+33 50886351
-23 203545404
+8 1373931477
+2 101712468
+1 101712468
+4 203424936
+1 203424936
-1 712529382
+1 712529382
+2 72202109
+1 72202109
+4 938627417
+1 144404218
-1 5015075650
+1 771550100
+2 66277291
+1 198831873
-22 132554582
+22 783399736
-22 783399736
+25 203545468

fn=(424)
181 36
+1 9
-1 9
+1 9
cob=(3)
cfi=(75)
cfn=(300)
calls=9 2903 
* 2043
* 9
+1 45
+5 45
-1 18
+1 360
-1 144
+4 36

fn=(416)
221 36
+1 9
-1 27
+1 9
cob=(3)
cfi=(75)
cfn=(300)
calls=9 2903 
* 1941
* 9
+1 9
-1 9
+1 9
+4 18
+1 9
-1 45
+1 36
+2 18
cob=(3)
cfi=(75)
cfn=(300)
calls=9 2903 
* 2235
* 9
* 36
cob=(3)
cfi=(75)
cfn=(300)
calls=18 2903 
* 3510
* 18
+1 27
-1 54
+1 162
+4 135
-1 54
+1 270
-1 135
-5 54
+10 63

fn=(422)
198 36
+1 9
-1 9
+1 9
cob=(3)
cfi=(75)
cfn=(300)
calls=9 2903 
* 1674
* 9
+1 54
+5 54
-1 18
+1 432
-1 144
+4 36

fn=(294) newSudokuBoard
16 1
+1 1
-1 2
+1 1
cob=(1)
cfi=(65)
cfn=(259)
calls=1 +47 
* 60184
* 5
+1 1
-1 1
+1 4
+4 3
cob=(1)
cfi=(65)
cfn=(259)
calls=1 +42 
* 1143
* 5
* 24
cob=(3)
cfi=(75)
cfn=(336)
calls=8 3173 
* 2032
* 8
+1 9
-1 9
+1 36
-7 18
+14 18
-1 18
-13 144
+14 144
-1 144
+1 1296
-1 1296
+3 162
-6 171
-5 18
+15 5

fn=(430)
43 13928259
+1 4642753
-1 4642753
+1 4642753
cob=(3)
cfi=(75)
cfn=(300)
calls=4642753 2903 
* 482849482
* 4642753
+1 4642753
-1 4642753
+1 13928259
+5 9285506
cob=(3)
cfi=(75)
cfn=(300)
calls=4642753 2903 
* 1481679036
* 4642753
* 74284048
cob=(3)
cfi=(75)
cfn=(300)
calls=37142024 2903 
* 6332753036
* 37142024
* 167139108
+2 208923885
-1 83569554
+1 1671391080
-1 710341209
-2 88212307
+7 18571012

fn=(410) setBoardRowValues
170 81
+2 54
cfn=(412)
calls=9 -59 
* 675
* 432
cfn=(412)
calls=72 -59 
* 5089
-1 162
+3 45

fl=(85) /home/sunjay/Documents/projects/sudoku/inputhandler.c
fn=(340) getline
9 18
+3 9
-3 18
+6 9
-6 18
+3 18
cob=(3)
cfi=(75)
cfn=(300)
calls=9 2903 
* 1755
* 9
* 108
+15 180
+1 180
-11 180
cob=(3)
cfi=(86)
cfn=(346)
calls=89 +17 
* 3204
cob=(1)
cfi=(65)
cfn=(259)
calls=1 +47 
* 1317
* 94
+1 90
-1 90
+1 90
+4 180
+12 27
-1 18
+1 18
-1 9
cob=(3)
cfi=(75)
cfn=(380)
calls=8 2975 
* 1712
cob=(1)
cfi=(65)
cfn=(259)
calls=1 +31 
* 1180
* 13

fl=(73)
fn=(292)
11 1
+1 1
-1 3
+3 1
-3 4
+1 1
cfi=(74)
cfn=(294)
calls=1 +4 
* 66903
* 1
+5 3
cfi=(85)
cfn=(340)
calls=1 -8 
* 3176
* 24
cfi=(85)
cfn=(340)
calls=8 -8 
* 7368
+1 9
-1 9
+1 9
+5 18
cob=(3)
cfi=(93)
cfn=(396)
calls=8 +43 
* 128
cob=(1)
cfi=(65)
cfn=(259)
calls=1 +41 
* 947
* 13
* 27
+1 9
+1 27
cob=(3)
cfi=(94)
cfn=(402)
calls=8 +13 
* 24
cob=(1)
cfi=(65)
cfn=(259)
calls=1 +39 
* 1029
* 13
* 36
+8 81
-10 162
+10 81
-10 162
+1 81
+1 162
+3 243
+20 8
-12 18
cob=(3)
cfi=(75)
cfn=(408)
calls=8 2935 
* 800
cob=(1)
cfi=(65)
cfn=(259)
calls=1 +28 
* 994
* 13
+1 18
+5 45
cfi=(74)
cfn=(410)
calls=9 170 
* 6538
+1 18
-1 8
+4 8
+1 2

totals: 56150011487
